SURF	Chan	Chip	Ant	Pol	Peak	RMS	mv/count
0	0	0	9	V	360.8	47.0	0.942
0	0	1	9	V	393.4	54.8	0.864
0	0	2	9	V	387.9	54.1	0.876
0	0	3	9	V	394.6	58.6	0.861
0	1	0	13	V	315.7	44.6	1.077
0	1	1	13	V	354.6	49.1	0.959
0	1	2	13	V	342.0	48.0	0.994
0	1	3	13	V	358.3	53.8	0.949
0	2	0	17	V	340.7	59.7	0.998
0	2	1	17	V	366.8	60.4	0.927
0	2	2	17	V	362.8	61.1	0.937
0	2	3	17	V	383.2	59.0	0.887
0	3	0	25	V	382.2	52.4	0.889
0	3	1	25	V	419.3	60.4	0.811
0	3	2	25	V	400.9	54.3	0.848
0	3	3	25	V	420.6	64.2	0.808
0	4	0	9	H	372.1	51.6	0.914
0	4	1	9	H	403.8	51.9	0.842
0	4	2	9	H	387.3	51.3	0.878
0	4	3	9	H	409.6	58.3	0.830
0	5	0	13	H	317.3	42.7	1.071
0	5	1	13	H	358.2	50.3	0.949
0	5	2	13	H	332.6	47.5	1.022
0	5	3	13	H	357.1	49.6	0.952
0	6	0	17	H	412.2	57.6	0.825
0	6	1	17	H	454.3	63.1	0.748
0	6	2	17	H	441.0	60.4	0.771
0	6	3	17	H	467.2	57.9	0.728
0	7	0	25	H	349.8	47.5	0.972
0	7	1	25	H	387.2	54.8	0.878
0	7	2	25	H	365.9	50.9	0.929
0	7	3	25	H	403.6	55.6	0.842
1	0	0	1	V	319.1	46.9	1.065
1	0	1	1	V	318.0	49.4	1.069
1	0	2	1	V	331.0	49.3	1.027
1	0	3	1	V	326.3	46.6	1.042
1	1	0	5	V	305.7	42.7	1.112
1	1	1	5	V	315.5	44.3	1.077
1	1	2	5	V	311.6	42.4	1.091
1	1	3	5	V	315.3	44.6	1.078
1	2	0	18	V	366.9	53.9	0.926
1	2	1	18	V	380.0	56.2	0.895
1	2	2	18	V	382.9	49.0	0.888
1	2	3	18	V	383.1	56.0	0.887
1	3	0	26	V	406.2	55.0	0.837
1	3	1	26	V	413.6	58.4	0.822
1	3	2	26	V	411.3	54.8	0.827
1	3	3	26	V	416.0	60.3	0.817
1	4	0	1	H	333.0	47.9	1.021
1	4	1	1	H	343.5	49.5	0.989
1	4	2	1	H	349.0	46.5	0.974
1	4	3	1	H	348.4	46.7	0.976
1	5	0	5	H	295.2	39.0	1.152
1	5	1	5	H	301.2	44.1	1.129
1	5	2	5	H	305.1	41.8	1.114
1	5	3	5	H	301.4	44.1	1.128
1	6	0	18	H	419.6	56.1	0.810
1	6	1	18	H	432.8	56.3	0.785
1	6	2	18	H	432.8	54.6	0.785
1	6	3	18	H	436.4	60.7	0.779
1	7	0	26	H	376.9	49.9	0.902
1	7	1	26	H	384.9	49.4	0.883
1	7	2	26	H	385.1	49.4	0.883
1	7	3	26	H	402.1	54.0	0.845
2	0	0	10	V	377.7	55.9	0.900
2	0	1	10	V	378.4	51.6	0.898
2	0	2	10	V	380.5	58.2	0.893
2	0	3	10	V	388.1	52.0	0.876
2	1	0	14	V	321.3	44.0	1.058
2	1	1	14	V	321.5	42.8	1.057
2	1	2	14	V	328.5	49.6	1.035
2	1	3	14	V	338.1	44.6	1.005
2	2	0	19	V	359.1	58.8	0.946
2	2	1	19	V	362.6	46.8	0.937
2	2	2	19	V	368.6	57.4	0.922
2	2	3	19	V	367.5	58.1	0.925
2	3	0	27	V	411.5	58.1	0.826
2	3	1	27	V	420.6	66.3	0.808
2	3	2	27	V	417.6	62.4	0.814
2	3	3	27	V	434.7	65.9	0.782
2	4	0	10	H	356.5	52.6	0.953
2	4	1	10	H	361.6	49.1	0.940
2	4	2	10	H	373.1	56.0	0.911
2	4	3	10	H	366.7	49.8	0.927
2	5	0	14	H	317.6	49.4	1.070
2	5	1	14	H	321.7	45.4	1.057
2	5	2	14	H	313.6	45.9	1.084
2	5	3	14	H	327.6	44.0	1.038
2	6	0	19	H	385.9	56.2	0.881
2	6	1	19	H	398.8	56.1	0.852
2	6	2	19	H	392.7	55.0	0.866
2	6	3	19	H	406.1	56.1	0.837
2	7	0	27	H	392.7	55.3	0.866
2	7	1	27	H	405.6	55.6	0.838
2	7	2	27	H	400.6	54.9	0.848
2	7	3	27	H	409.8	56.1	0.829
3	0	0	2	V	335.3	51.3	1.014
3	0	1	2	V	360.3	52.3	0.943
3	0	2	2	V	363.4	52.1	0.935
3	0	3	2	V	373.1	52.0	0.911
3	1	0	6	V	302.2	44.4	1.125
3	1	1	6	V	312.0	46.9	1.090
3	1	2	6	V	314.7	49.6	1.080
3	1	3	6	V	324.4	46.5	1.048
3	2	0	20	V	343.7	52.7	0.989
3	2	1	20	V	356.4	52.0	0.954
3	2	2	20	V	357.7	51.0	0.950
3	2	3	20	V	371.3	53.5	0.915
3	3	0	28	V	403.6	61.0	0.842
3	3	1	28	V	420.4	62.9	0.809
3	3	2	28	V	411.7	57.2	0.826
3	3	3	28	V	429.6	60.5	0.791
3	4	0	2	H	335.0	52.2	1.015
3	4	1	2	H	358.4	52.5	0.949
3	4	2	2	H	348.6	52.4	0.975
3	4	3	2	H	373.8	53.0	0.909
3	5	0	6	H	272.6	37.1	1.247
3	5	1	6	H	294.5	40.2	1.154
3	5	2	6	H	296.2	43.8	1.148
3	5	3	6	H	304.5	42.1	1.116
3	6	0	20	H	382.0	55.6	0.890
3	6	1	20	H	408.6	61.7	0.832
3	6	2	20	H	413.0	56.2	0.823
3	6	3	20	H	433.3	58.7	0.784
3	7	0	28	H	389.1	54.5	0.874
3	7	1	28	H	423.0	57.4	0.804
3	7	2	28	H	419.5	54.6	0.810
3	7	3	28	H	447.0	58.3	0.760
4	0	0	11	V	344.4	54.4	0.987
4	0	1	11	V	334.1	48.9	1.017
4	0	2	11	V	322.1	50.0	1.055
4	0	3	11	V	334.0	48.1	1.018
4	1	0	15	V	209.8	33.8	1.620
4	1	1	15	V	206.4	35.7	1.647
4	1	2	15	V	207.6	35.6	1.638
4	1	3	15	V	212.1	33.4	1.603
4	2	0	21	V	328.9	49.5	1.033
4	2	1	21	V	331.5	47.4	1.025
4	2	2	21	V	325.2	44.5	1.045
4	2	3	21	V	339.7	51.3	1.001
4	3	0	29	V	355.0	52.2	0.957
4	3	1	29	V	352.2	54.3	0.965
4	3	2	29	V	341.3	50.7	0.996
4	3	3	29	V	357.4	49.7	0.951
4	4	0	11	H	333.9	48.2	1.018
4	4	1	11	H	337.6	47.5	1.007
4	4	2	11	H	327.6	44.7	1.037
4	4	3	11	H	338.0	47.3	1.006
4	5	0	15	H	280.4	41.2	1.212
4	5	1	15	H	287.2	42.7	1.184
4	5	2	15	H	273.4	38.4	1.243
4	5	3	15	H	291.6	40.7	1.166
4	6	0	21	H	359.0	49.5	0.947
4	6	1	21	H	364.4	48.8	0.933
4	6	2	21	H	350.9	48.7	0.969
4	6	3	21	H	369.3	49.9	0.920
4	7	0	29	H	353.2	48.9	0.963
4	7	1	29	H	357.6	50.7	0.950
4	7	2	29	H	342.8	51.4	0.991
4	7	3	29	H	363.8	51.2	0.934
5	0	0	3	V	348.8	48.4	0.974
5	0	1	3	V	346.7	49.1	0.980
5	0	2	3	V	372.1	55.3	0.914
5	0	3	3	V	341.2	50.3	0.996
5	1	0	7	V	300.5	43.2	1.131
5	1	1	7	V	307.7	42.9	1.105
5	1	2	7	V	333.3	50.4	1.020
5	1	3	7	V	305.4	44.4	1.113
5	2	0	22	V	366.2	56.7	0.928
5	2	1	22	V	369.3	55.0	0.921
5	2	2	22	V	387.5	54.4	0.877
5	2	3	22	V	371.9	53.3	0.914
5	3	0	30	V	377.6	50.8	0.900
5	3	1	30	V	383.9	53.4	0.885
5	3	2	30	V	402.3	54.1	0.845
5	3	3	30	V	386.4	55.1	0.880
5	4	0	3	H	339.4	46.9	1.002
5	4	1	3	H	361.3	45.5	0.941
5	4	2	3	H	365.1	55.4	0.931
5	4	3	3	H	348.6	49.1	0.975
5	5	0	7	H	304.6	39.3	1.116
5	5	1	7	H	313.7	41.9	1.084
5	5	2	7	H	328.5	47.2	1.035
5	5	3	7	H	314.5	43.4	1.081
5	6	0	22	H	380.0	54.1	0.895
5	6	1	22	H	394.7	55.5	0.861
5	6	2	22	H	415.3	59.5	0.819
5	6	3	22	H	400.3	59.1	0.849
5	7	0	30	H	362.4	47.0	0.938
5	7	1	30	H	371.4	50.0	0.915
5	7	2	30	H	390.5	55.3	0.870
5	7	3	30	H	377.6	52.9	0.900
6	0	0	12	V	391.8	55.3	0.868
6	0	1	12	V	377.1	51.8	0.901
6	0	2	12	V	382.2	55.3	0.889
6	0	3	12	V	440.0	49.0	0.773
6	1	0	16	V	285.2	41.8	1.192
6	1	1	16	V	284.0	42.3	1.197
6	1	2	16	V	292.2	44.4	1.163
6	1	3	16	V	298.2	44.9	1.140
6	2	0	23	V	383.2	55.9	0.887
6	2	1	23	V	384.3	53.0	0.885
6	2	2	23	V	385.0	51.6	0.883
6	2	3	23	V	398.5	56.9	0.853
6	3	0	31	V	454.3	62.3	0.748
6	3	1	31	V	457.8	61.0	0.743
6	3	2	31	V	445.9	65.3	0.762
6	3	3	31	V	481.9	64.3	0.705
6	4	0	12	H	355.9	49.6	0.955
6	4	1	12	H	360.3	56.2	0.943
6	4	2	12	H	363.6	54.5	0.935
6	4	3	12	H	377.0	52.7	0.902
6	5	0	16	H	310.8	42.9	1.094
6	5	1	16	H	321.1	46.5	1.059
6	5	2	16	H	316.9	45.7	1.073
6	5	3	16	H	336.4	47.4	1.010
6	6	0	23	H	403.5	58.6	0.842
6	6	1	23	H	405.1	54.8	0.839
6	6	2	23	H	400.9	55.8	0.848
6	6	3	23	H	435.2	55.6	0.781
6	7	0	31	H	352.2	46.0	0.965
6	7	1	31	H	366.0	48.1	0.929
6	7	2	31	H	359.4	50.0	0.946
6	7	3	31	H	384.3	52.4	0.885
7	0	0	4	V	363.8	159.7	0.934
7	0	1	4	V	345.0	169.5	0.985
7	0	2	4	V	343.9	80.0	0.988
7	0	3	4	V	351.4	154.7	0.967
7	1	0	8	V	351.9	51.0	0.966
7	1	1	8	V	345.1	47.9	0.985
7	1	2	8	V	360.9	50.8	0.942
7	1	3	8	V	353.1	48.1	0.963
7	2	0	24	V	380.3	52.3	0.894
7	2	1	24	V	367.5	59.8	0.925
7	2	2	24	V	381.1	58.1	0.892
7	2	3	24	V	374.7	57.1	0.907
7	3	0	32	V	419.8	60.1	0.810
7	3	1	32	V	405.9	54.2	0.837
7	3	2	32	V	422.0	56.1	0.806
7	3	3	32	V	422.4	62.4	0.805
7	4	0	4	H	341.3	44.7	0.996
7	4	1	4	H	327.6	46.7	1.038
7	4	2	4	H	340.7	49.1	0.998
7	4	3	4	H	344.6	48.2	0.987
7	5	0	8	H	279.8	40.3	1.215
7	5	1	8	H	273.5	39.0	1.243
7	5	2	8	H	283.3	36.7	1.200
7	5	3	8	H	275.9	42.5	1.232
7	6	0	24	H	393.5	53.8	0.864
7	6	1	24	H	386.0	52.0	0.881
7	6	2	24	H	415.6	56.7	0.818
7	6	3	24	H	410.6	58.3	0.828
7	7	0	32	H	399.6	54.6	0.851
7	7	1	32	H	393.8	56.9	0.863
7	7	2	32	H	410.0	56.4	0.829
7	7	3	32	H	414.3	58.8	0.820
