SURF	Chan	Chip	DeltaT	RMS	Entries
0	0	0	-4.08294	0.0194416	232
0	0	1	-4.05267	0.0213887	249
0	0	2	-4.03186	0.0244239	250
0	0	3	-3.98263	0.0359225	250
0	1	0	-4.14143	0.014463	245
0	1	1	-4.11246	0.0123766	250
0	1	2	-4.09565	0.0134941	250
0	1	3	-4.08038	0.0112923	250
0	2	0	0	0	1812
0	2	1	0	0	1932
0	2	2	0	0	1919
0	2	3	0	0	1921
0	3	0	0	0	0
0	3	1	0	0	0
0	3	2	0	0	0
0	3	3	0	0	0
0	4	0	-10.3398	0.0447819	232
0	4	1	-10.4	0.0441548	250
0	4	2	-10.4028	0.0419794	250
0	4	3	-10.4594	0.0429767	250
0	5	0	-10.3889	0.0234554	245
0	5	1	-10.4667	0.0268103	250
0	5	2	-10.4786	0.0288327	250
0	5	3	-10.5806	0.0263243	250
0	6	0	-5.97986	0.0453981	1807
0	6	1	-6.08244	0.050359	1925
0	6	2	-6.13508	0.0498765	1915
0	6	3	-6.24091	0.0460685	1920
0	7	0	0	0	0
0	7	1	0	0	0
0	7	2	0	0	0
0	7	3	0	0	0
1	0	0	-6.11289	0.0486873	178
1	0	1	-6.12019	0.0479513	191
1	0	2	-6.1675	0.0404017	171
1	0	3	-6.20446	0.0471326	182
1	1	0	-6.37789	0.0545331	216
1	1	1	-6.42159	0.0500411	240
1	1	2	-6.46232	0.0505563	232
1	1	3	-6.52444	0.0530014	234
1	2	0	0	0	0
1	2	1	0	0	0
1	2	2	0	0	0
1	2	3	0	0	0
1	3	0	0	0	0
1	3	1	0	0	0
1	3	2	0	0	0
1	3	3	0	0	0
1	4	0	-11.8562	0.0486505	178
1	4	1	-11.9639	0.0502029	191
1	4	2	-12.0516	0.0468138	181
1	4	3	-12.1952	0.0503455	182
1	5	0	-11.9315	0.0559117	232
1	5	1	-12.0955	0.0571665	246
1	5	2	-12.1634	0.0545936	250
1	5	3	-12.3484	0.0592119	249
1	6	0	0	0	0
1	6	1	0	0	0
1	6	2	0	0	0
1	6	3	0	0	0
1	7	0	0	0	0
1	7	1	0	0	0
1	7	2	0	0	0
1	7	3	0	0	0
2	0	0	-7.13784	0.0530995	207
2	0	1	-7.06111	0.0507395	222
2	0	2	-6.98742	0.0539727	210
2	0	3	-6.9533	0.0529384	223
2	1	0	-7.14753	0.0487304	211
2	1	1	-7.08425	0.0481763	242
2	1	2	-7.01922	0.050129	240
2	1	3	-7.00262	0.0422502	240
2	2	0	0	0	0
2	2	1	0	0	0
2	2	2	0	0	0
2	2	3	0	0	0
2	3	0	0	0	0
2	3	1	0	0	0
2	3	2	0	0	0
2	3	3	0	0	0
2	4	0	-13.1023	0.0562896	234
2	4	1	-13.1151	0.0532757	248
2	4	2	-13.0679	0.0572148	247
2	4	3	-13.1348	0.0532119	249
2	5	0	-12.7597	0.0472313	188
2	5	1	-12.7845	0.0529535	242
2	5	2	-12.751	0.055495	240
2	5	3	-12.8347	0.0483582	239
2	6	0	0	0	0
2	6	1	0	0	0
2	6	2	0	0	0
2	6	3	0	0	0
2	7	0	0	0	0
2	7	1	0	0	0
2	7	2	0	0	0
2	7	3	0	0	0
3	0	0	-0.670103	0.0630964	203
3	0	1	-0.654296	0.0535699	221
3	0	2	-0.525569	0.0542988	222
3	0	3	-0.472068	0.054079	220
3	1	0	-1.26024	0.0484693	213
3	1	1	-1.27393	0.0462931	242
3	1	2	-1.15863	0.0502091	239
3	1	3	-1.15878	0.0526831	240
3	2	0	0	0	0
3	2	1	0	0	0
3	2	2	0	0	0
3	2	3	0	0	0
3	3	0	0	0	0
3	3	1	0	0	0
3	3	2	0	0	0
3	3	3	0	0	0
3	4	0	-7.01239	0.0591749	230
3	4	1	-7.09892	0.0644007	249
3	4	2	-6.98996	0.0567436	241
3	4	3	-7.03357	0.0610758	247
3	5	0	-7.0331	0.0463567	209
3	5	1	-7.1469	0.0478236	242
3	5	2	-7.04773	0.0497688	240
3	5	3	-7.14928	0.0569974	240
3	6	0	0	0	0
3	6	1	0	0	0
3	6	2	0	0	0
3	6	3	0	0	0
3	7	0	0	0	0
3	7	1	0	0	0
3	7	2	0	0	0
3	7	3	0	0	0
4	0	0	-6.06421	0.0246324	245
4	0	1	-5.96575	0.028668	250
4	0	2	-5.9507	0.026563	250
4	0	3	-5.88605	0.0295693	250
4	1	0	-11.6564	0.0453539	232
4	1	1	-11.8213	0.0497382	250
4	1	2	-11.5997	0.0396181	250
4	1	3	-11.5685	0.0479517	250
4	2	0	0	0	0
4	2	1	0	0	0
4	2	2	0	0	0
4	2	3	0	0	0
4	3	0	0	0	0
4	3	1	0	0	0
4	3	2	0	0	0
4	3	3	0	0	0
4	4	0	-12.0373	0.0387879	245
4	4	1	-12.0577	0.0410046	250
4	4	2	-12.0524	0.0409989	250
4	4	3	-12.0827	0.0340514	250
4	5	0	-6.04499	0.0426212	231
4	5	1	-6.07619	0.0506135	250
4	5	2	-6.0984	0.0443206	250
4	5	3	-6.16345	0.0463237	250
4	6	0	0	0	0
4	6	1	0	0	0
4	6	2	0	0	0
4	6	3	0	0	0
4	7	0	0	0	0
4	7	1	0	0	0
4	7	2	0	0	0
4	7	3	0	0	0
5	0	0	-6.07151	0.0469302	164
5	0	1	-5.96077	0.0494133	189
5	0	2	-5.78466	0.0496857	185
5	0	3	-5.87769	0.0534071	194
5	1	0	-6.14799	0.0438596	178
5	1	1	-6.06563	0.0471932	191
5	1	2	-5.91299	0.0455868	181
5	1	3	-6.01407	0.0473536	182
5	2	0	0	0	0
5	2	1	0	0	0
5	2	2	0	0	0
5	2	3	0	0	0
5	3	0	0	0	0
5	3	1	0	0	0
5	3	2	0	0	0
5	3	3	0	0	0
5	4	0	-11.9621	0.0526317	231
5	4	1	-11.9429	0.0577444	249
5	4	2	-11.8037	0.0539825	249
5	4	3	-11.9706	0.0553691	250
5	5	0	-11.6557	0.0401249	178
5	5	1	-11.6627	0.0507868	191
5	5	2	-11.5274	0.0482856	181
5	5	3	-11.7365	0.053791	182
5	6	0	0	0	0
5	6	1	0	0	0
5	6	2	0	0	0
5	6	3	0	0	0
5	7	0	0	0	0
5	7	1	0	0	0
5	7	2	0	0	0
5	7	3	0	0	0
6	0	0	-5.00838	0.0530076	183
6	0	1	-12.6385	0.0511547	220
6	0	2	-4.22145	0.0515312	201
6	0	3	-12.0617	0.0635399	235
6	1	0	-5.52327	0.05027	238
6	1	1	-13.1791	0.040175	249
6	1	2	-4.80179	0.0474228	250
6	1	3	-12.6457	0.0510814	250
6	2	0	0	0	0
6	2	1	0	0	0
6	2	2	0	0	0
6	2	3	0	0	0
6	3	0	0	0	0
6	3	1	0	0	0
6	3	2	0	0	0
6	3	3	0	0	0
6	4	0	-11.1063	0.055805	234
6	4	1	-18.8564	0.0569373	248
6	4	2	-10.4811	0.0534983	245
6	4	3	-18.4004	0.0638259	249
6	5	0	-11.092	0.0494955	238
6	5	1	-18.8675	0.0430679	250
6	5	2	-10.5032	0.0456735	250
6	5	3	-18.4563	0.0569505	250
6	6	0	0	0	0
6	6	1	0	0	0
6	6	2	0	0	0
6	6	3	0	0	0
6	7	0	0	0	0
6	7	1	0	0	0
6	7	2	0	0	0
6	7	3	0	0	0
7	0	0	-5.68473	0.0500556	214
7	0	1	-5.60623	0.052831	229
7	0	2	-5.61523	0.0523478	217
7	0	3	-5.62019	0.0456171	240
7	1	0	-5.50512	0.0472429	238
7	1	1	-5.45759	0.0476166	250
7	1	2	-5.44285	0.0462064	250
7	1	3	-5.46142	0.0428701	250
7	2	0	0	0	0
7	2	1	0	0	0
7	2	2	0	0	0
7	2	3	0	0	0
7	3	0	0	0	0
7	3	1	0	0	0
7	3	2	0	0	0
7	3	3	0	0	0
7	4	0	-11.2923	0.0574401	235
7	4	1	-11.3171	0.0587284	246
7	4	2	-11.3351	0.0591714	247
7	4	3	-11.4668	0.0513972	250
7	5	0	-11.3916	0.0482389	238
7	5	1	-11.435	0.0500834	250
7	5	2	-11.4569	0.0486998	250
7	5	3	-11.6065	0.0479893	250
7	6	0	0	0	0
7	6	1	0	0	0
7	6	2	0	0	0
7	6	3	0	0	0
7	7	0	0	0	0
7	7	1	0	0	0
7	7	2	0	0	0
7	7	3	0	0	0
8	0	0	0	0	0
8	0	1	0	0	0
8	0	2	0	0	0
8	0	3	0	0	0
8	1	0	0	0	0
8	1	1	0	0	0
8	1	2	0	0	0
8	1	3	0	0	0
8	2	0	0	0	0
8	2	1	0	0	0
8	2	2	0	0	0
8	2	3	0	0	0
8	3	0	0	0	0
8	3	1	0	0	0
8	3	2	0	0	0
8	3	3	0	0	0
8	4	0	0	0	0
8	4	1	0	0	0
8	4	2	0	0	0
8	4	3	0	0	0
8	5	0	0	0	0
8	5	1	0	0	0
8	5	2	0	0	0
8	5	3	0	0	0
8	6	0	0	0	0
8	6	1	0	0	0
8	6	2	0	0	0
8	6	3	0	0	0
8	7	0	0	0	0
8	7	1	0	0	0
8	7	2	0	0	0
8	7	3	0	0	0
9	0	0	0	0	0
9	0	1	0	0	0
9	0	2	0	0	0
9	0	3	0	0	0
9	1	0	0	0	0
9	1	1	0	0	0
9	1	2	0	0	0
9	1	3	0	0	0
9	2	0	0	0	0
9	2	1	0	0	0
9	2	2	0	0	0
9	2	3	0	0	0
9	3	0	0	0	0
9	3	1	0	0	0
9	3	2	0	0	0
9	3	3	0	0	0
9	4	0	0	0	0
9	4	1	0	0	0
9	4	2	0	0	0
9	4	3	0	0	0
9	5	0	0	0	0
9	5	1	0	0	0
9	5	2	0	0	0
9	5	3	0	0	0
9	6	0	0	0	0
9	6	1	0	0	0
9	6	2	0	0	0
9	6	3	0	0	0
9	7	0	0	0	0
9	7	1	0	0	0
9	7	2	0	0	0
9	7	3	0	0	0
