402 74699230 0 0
402 74699284 0 0
402 74699417 0 0
402 74699787 0 0
402 74699877 0 0
402 74700081 0 0
402 74700175 0 0
402 74700630 0 0
402 74700934 0 0
402 74701089 0 0
402 74701122 0 0
402 74701156 0 0
402 74701255 0 0
402 74701335 0 0
402 74701600 0 0
402 74701742 0 0
402 74701987 0 0
402 74702015 0 0
402 74702095 0 0
402 74702127 0 0
402 74702239 0 0
402 74702334 0 0
402 74702423 0 0
402 74702550 0 0
402 74702583 0 0
402 74702712 0 0
402 74702780 0 0
402 74702944 0 0
402 74703013 0 0
402 74703079 0 0
402 74703438 0 0
402 74703636 0 0
402 74704740 0 0
402 74705152 0 0
402 74705317 0 0
402 74705638 0 0
402 74706130 0 0
402 74707399 0 0
402 74709320 0 0
402 74709453 0 0
402 74709622 0 0
402 74709774 0 0
402 74710014 0 0
402 74710104 0 0
402 74710354 0 0
402 74710485 0 0
402 74710644 0 0
402 74710791 0 0
402 74710866 0 0
402 74710995 0 0
402 74711748 0 0
402 74712613 0 0
402 74713171 0 0
402 74713285 0 0
402 74713363 0 0
402 74713488 0 0
402 74714191 0 0
402 74714424 0 0
402 74714529 0 0
402 74714593 0 0
402 74714640 0 0
402 74714752 0 0
402 74714862 0 0
402 74714939 0 0
402 74715015 0 0
402 74715077 0 0
402 74715236 0 0
402 74715349 0 0
402 74715568 0 0
402 74715789 0 0
402 74715848 0 0
402 74715926 0 0
402 74716119 0 0
402 74716491 0 0
402 74716551 0 0
402 74716734 0 0
403 74936048 0 1
403 74936049 1 1
403 74936095 0 1
403 74936096 1 1
403 74936148 0 0
403 74936222 0 0
403 74936294 0 0
403 74936353 0 0
403 74936494 0 0
403 74937060 0 0
403 74937114 0 0
403 74937345 0 0
403 74937912 0 0
403 74937999 0 0
403 74939523 0 0
403 74939833 0 0
403 74939967 0 0
403 74940297 0 0
403 74940530 0 0
403 74948724 0 0
403 74948870 0 0
403 74950043 0 0
403 74950078 0 0
403 74950168 0 0
403 74950215 0 0
403 74950270 0 0
403 74950327 0 0
403 74950369 0 0
403 74950410 0 0
403 74950453 0 0
403 74950489 0 0
403 74950567 0 0
403 74950612 0 0
403 74950650 0 0
403 74950696 0 0
403 74950729 0 0
403 74950773 0 0
403 74950816 0 0
403 74950879 0 0
403 74950989 0 0
403 74951355 0 0
403 74951392 0 0
403 74951435 0 0
403 74951497 0 0
403 74955061 0 0
403 74957552 0 0
411 77450719 0 0
411 77450923 0 0
411 77452113 0 0
411 77452162 0 0
411 77452244 0 0
411 77452312 0 0
411 77452424 0 0
411 77452517 0 0
411 77452566 0 0
411 77452710 0 0
411 77452847 0 0
411 77452896 0 0
411 77452936 0 0
411 77452980 0 1
411 77452981 1 1
411 77453639 0 0
411 77454031 0 0
411 77454140 0 0
411 77454246 0 0
411 77455598 0 0
411 77455804 0 1
411 77455805 1 1
411 77456146 0 0
411 77456995 1 0
411 77457153 0 0
411 77458158 0 1
411 77458159 1 1
411 77458376 0 0
411 77459545 0 0
411 77459745 0 0
411 77459917 0 0
411 77459979 0 0
411 77460365 0 0
411 77460484 0 0
411 77460765 0 0
411 77461610 0 1
411 77461611 1 1
411 77461819 0 1
411 77461820 1 1
411 77467052 0 0
411 77467332 0 0
411 77467407 0 0
411 77467450 0 0
411 77467627 0 0
411 77467948 0 0
411 77478293 0 0
411 77478339 0 0
411 77478389 0 1
411 77478390 1 1
411 77478421 0 0
411 77478510 0 0
411 77478550 0 1
411 77478551 1 1
411 77478621 0 0
411 77478694 0 0
411 77478743 0 0
411 77478793 0 0
411 77478989 0 0
411 77479079 0 0
411 77479110 0 0
411 77480054 0 0
411 77480100 0 0
411 77480168 0 0
411 77480259 0 0
411 77480295 0 0
411 77480358 0 0
411 77480425 0 0
411 77480575 0 0
411 77480613 0 0
411 77480648 0 0
411 77480720 0 0
411 77481815 0 0
411 77482062 0 0
411 77482883 0 0
411 77483363 0 0
411 77483397 0 1
411 77483398 1 1
411 77483770 0 0
411 77483843 0 0
411 77484111 0 0
411 77484171 0 0
411 77484217 0 0
411 77485440 0 0
411 77485534 0 0
411 77485668 0 0
411 77485731 0 0
411 77485793 0 0
411 77485817 0 0
411 77485935 0 0
411 77485984 0 0
411 77486102 0 0
411 77486149 0 0
411 77486186 0 0
411 77486273 0 0
411 77486344 0 0
411 77486433 0 0
412 77732632 0 1
412 77732633 1 1
412 77732703 0 0
412 77732768 0 0
412 77732830 0 1
412 77732911 0 0
412 77732982 0 0
412 77733050 0 1
412 77733051 1 1
412 77733149 0 1
412 77733150 1 1
412 77733208 0 0
412 77733423 0 0
412 77733543 0 0
412 77733614 0 0
412 77733718 0 0
412 77733776 0 0
412 77733904 0 0
412 77734245 0 0
412 77737593 0 0
412 77737739 0 0
412 77737861 0 0
412 77737917 0 0
412 77738048 0 0
412 77738163 0 0
412 77738221 0 0
412 77738349 0 0
412 77738485 0 0
412 77738540 0 1
412 77738541 1 1
412 77738621 0 0
412 77738681 0 1
412 77738682 1 1
412 77738752 0 0
412 77738850 0 0
412 77738913 0 0
412 77738983 0 1
412 77738984 1 1
412 77739065 0 0
412 77739137 0 1
412 77739138 1 1
412 77739193 0 1
412 77739405 0 0
412 77739481 0 1
412 77739482 1 1
412 77739608 0 0
412 77742753 0 0
412 77743004 0 0
412 77743127 0 0
412 77743275 0 0
413 77747350 0 0
413 77747666 0 0
413 77747873 0 0
413 77748074 0 0
413 77748411 0 0
413 77748477 0 0
413 77748556 0 0
413 77748615 0 0
413 77748764 0 0
413 77748822 0 0
413 77748913 0 1
413 77748914 1 1
413 77749021 0 1
413 77749022 1 1
413 77749073 0 0
413 77749153 0 0
413 77749216 0 0
413 77749292 0 0
413 77749348 0 1
413 77749349 1 1
413 77749402 0 0
413 77749450 0 0
413 77749529 0 1
413 77749530 1 1
413 77749589 0 0
413 77749639 0 1
413 77749640 1 1
413 77749713 0 0
413 77749762 0 0
413 77749830 0 0
413 77749892 0 0
413 77749932 0 0
413 77749997 0 0
413 77750068 0 0
413 77750119 0 0
413 77750174 0 0
413 77750244 0 0
413 77750297 0 0
413 77750367 0 1
413 77750368 1 1
413 77750430 0 0
413 77750535 0 1
413 77750536 1 1
413 77750615 0 1
413 77750616 1 1
413 77750694 0 0
413 77750756 0 1
413 77750757 1 1
413 77750807 0 0
413 77750867 0 1
413 77750868 1 1
413 77750924 0 1
413 77750925 1 1
413 77751040 0 0
413 77751160 0 1
413 77751161 1 1
413 77751196 0 0
413 77751246 0 0
413 77751296 0 1
413 77751297 1 1
413 77751370 0 1
413 77751371 1 1
413 77751435 0 1
413 77751436 1 1
413 77751541 0 0
413 77751592 0 0
413 77751633 0 1
413 77751634 1 1
413 77751711 0 0
413 77751761 0 0
413 77751816 0 0
413 77751868 0 0
413 77751955 0 0
413 77752021 0 0
413 77752064 0 0
413 77752116 0 0
413 77752176 0 0
413 77752227 0 0
413 77752277 0 0
413 77752338 0 0
413 77752395 0 0
413 77752458 0 0
413 77752512 0 0
413 77752559 0 0
413 77752648 0 0
413 77752694 0 1
413 77752695 1 1
413 77752749 0 0
413 77752812 0 0
413 77752886 0 1
413 77752887 1 1
413 77752978 0 1
413 77752979 1 1
413 77753023 0 0
413 77753087 0 0
413 77753203 0 0
413 77753253 0 1
413 77753254 1 1
413 77753315 0 0
413 77753364 0 1
413 77753365 1 1
413 77753434 0 0
413 77753496 0 0
413 77753537 0 1
413 77753538 1 1
413 77753619 0 0
413 77753667 0 0
413 77753719 0 1
413 77753720 1 1
413 77753769 0 1
413 77753770 1 1
413 77753839 0 1
413 77753840 1 1
413 77753939 0 0
413 77753981 0 1
413 77753982 1 1
413 77754037 0 1
413 77754038 1 1
413 77754081 0 0
413 77754125 0 0
413 77754178 0 0
413 77754264 0 0
413 77754322 0 1
413 77754323 1 1
413 77754390 0 0
413 77754453 0 1
413 77754454 1 1
413 77754504 0 1
413 77754505 1 1
413 77754558 0 1
413 77754559 1 1
413 77754604 0 0
413 77754667 0 0
413 77754728 0 1
413 77754729 1 1
413 77754792 0 1
413 77754793 1 1
413 77754863 0 0
413 77754909 0 1
413 77754910 1 1
413 77754952 0 0
413 77755006 0 1
413 77755007 1 1
413 77755068 0 0
413 77755114 0 0
413 77755184 0 0
413 77755261 0 0
413 77755310 0 0
413 77755381 0 0
413 77755589 0 0
413 77755633 0 1
413 77755634 1 1
413 77755695 0 1
413 77755696 1 1
413 77755747 0 1
413 77755748 1 1
413 77755793 0 0
413 77755854 0 0
413 77755922 0 0
413 77755998 0 1
413 77755999 1 1
413 77756059 0 0
413 77756123 0 0
413 77756183 0 0
413 77756257 0 1
413 77756258 1 1
413 77756309 0 0
413 77756388 0 0
413 77756466 0 0
413 77756534 0 0
413 77756603 0 0
413 77756732 0 0
413 77756786 0 0
413 77756995 0 0
413 77757096 0 0
413 77757134 0 0
413 77757183 0 1
413 77757184 1 1
413 77757245 0 0
413 77757283 0 0
413 77757323 0 0
413 77757387 0 0
413 77757446 0 0
413 77757496 0 1
413 77757497 1 1
413 77757558 0 0
413 77757607 0 0
413 77757674 0 1
413 77757675 1 1
413 77757732 0 1
413 77757733 1 1
413 77757887 0 0
413 77757960 0 0
413 77758044 0 0
413 77758101 0 0
413 77758141 0 0
413 77758176 0 1
413 77758177 1 1
413 77758234 0 0
413 77758296 0 0
413 77758352 0 0
413 77758570 0 0
413 77758774 0 0
413 77758823 0 0
413 77758948 0 0
413 77759144 0 0
413 77759475 0 0
413 77761232 0 0
413 77761340 0 0
413 77761439 0 0
413 77761502 0 0
413 77761617 0 0
413 77761667 0 1
413 77761668 1 1
413 77761808 0 0
413 77761867 0 1
413 77761868 1 1
413 77761932 0 1
413 77761933 1 1
413 77762074 0 1
413 77762075 1 1
413 77762116 0 0
413 77762178 0 1
413 77762179 1 1
413 77762236 0 0
413 77762288 0 1
413 77762289 1 1
413 77762348 0 0
413 77766191 0 1
413 77766192 1 1
413 77766712 0 0
413 77767275 0 0
413 77767763 0 0
413 77768361 0 0
413 77771669 0 0
413 77771792 0 1
413 77771793 1 1
413 77771891 0 1
413 77771892 1 1
413 77771993 0 1
413 77771994 1 1
413 77773125 0 0
413 77773929 0 1
413 77773930 1 1
413 77774155 0 0
413 77774460 0 0
413 77774616 1 0
413 77775999 1 0
413 77776388 1 0
413 77776570 1 0
413 77779782 0 0
413 77779958 0 1
413 77779959 1 1
413 77780268 0 1
413 77780269 1 1
413 77781001 0 1
413 77781002 1 1
413 77781231 0 0
413 77782952 1 0
413 77783012 0 1
413 77783013 1 1
413 77783057 1 0
413 77783119 0 1
413 77783120 1 1
413 77783672 1 0
413 77783734 0 1
413 77783735 1 1
413 77783824 0 0
413 77783905 0 1
413 77783906 1 1
413 77785886 1 0
413 77786832 0 0
421 79995831 0 0
421 79995923 0 0
421 79996041 0 0
421 79996137 0 0
421 79996202 0 0
421 79996322 0 0
421 79996365 0 0
421 79996496 0 0
421 79998227 0 0
421 79998329 0 0
421 79998404 0 0
421 79998463 0 0
421 79998576 0 0
421 79998682 0 0
421 79998774 0 1
421 79998775 1 1
421 79998865 0 0
421 79998951 0 0
421 79999107 0 0
421 79999191 0 1
421 79999192 1 1
421 79999264 0 0
421 79999909 0 0
421 79999994 0 0
421 80000119 0 0
421 80003262 0 1
421 80003263 1 1
421 80003389 0 0
421 80003451 0 0
421 80003605 0 1
421 80003606 1 1
421 80003680 0 0
421 80003740 0 0
421 80003842 0 0
421 80003918 0 0
421 80006173 0 0
421 80006280 0 0
421 80006459 0 0
421 80006561 0 0
421 80006686 0 0
421 80007013 0 0
421 80007102 0 0
421 80007169 0 0
421 80007267 0 0
421 80007373 0 1
421 80007374 1 1
421 80007466 0 0
421 80007550 0 1
421 80007551 1 1
421 80007639 0 1
421 80007640 1 1
421 80008418 0 0
421 80010123 0 0
421 80010277 0 0
421 80010406 0 1
421 80010407 1 1
421 80010503 0 0
421 80010593 0 0
421 80011285 0 0
421 80011394 0 0
421 80011469 0 0
421 80011563 0 0
421 80011681 0 0
421 80011767 0 0
421 80011838 0 0
421 80011933 0 0
421 80012025 0 0
421 80012219 0 0
421 80012297 0 0
421 80014104 0 0
421 80014245 0 0
421 80014339 0 0
421 80014442 0 0
421 80014542 0 0
421 80014703 0 0
421 80014793 0 0
421 80014872 0 0
421 80014936 0 0
421 80015004 0 0
421 80015094 0 1
421 80015095 1 1
421 80015182 0 1
421 80015183 1 1
421 80015293 0 0
421 80016028 0 1
421 80016029 1 1
421 80016118 0 1
421 80016119 1 1
421 80016238 0 1
421 80016239 1 1
421 80016325 0 1
421 80016326 1 1
421 80016442 0 0
421 80016536 0 0
421 80016631 0 0
421 80016918 0 0
421 80017031 0 0
421 80017372 0 0
421 80017467 0 0
421 80017650 0 1
421 80017651 1 1
421 80017791 0 0
421 80017918 0 0
421 80018835 0 0
421 80018936 0 0
421 80019104 0 0
421 80019181 0 0
421 80019258 0 0
421 80019418 0 0
421 80025830 0 0
421 80030954 0 0
421 80031330 0 0
421 80031482 0 0
421 80032063 0 0
421 80032245 0 0
421 80032319 0 0
421 80032411 0 0
421 80033310 0 0
421 80033428 0 0
421 80033722 0 0
421 80033773 0 0
421 80033834 0 0
421 80033904 0 1
421 80033905 1 1
421 80034005 0 0
421 80034124 0 0
421 80034219 0 0
421 80034387 0 0
421 80034472 0 0
421 80034535 0 0
421 80034595 0 0
421 80034702 0 0
421 80034742 0 0
421 80034812 0 0
421 80034844 0 0
421 80034913 0 0
421 80034967 0 0
421 80035037 0 0
421 80035087 0 0
421 80035145 0 0
421 80035225 0 0
421 80035734 0 0
421 80036602 0 0
421 80036648 0 0
421 80037066 0 0
421 80043486 0 0
421 80050558 0 0
421 80054944 0 0
421 80058628 0 0
421 80058979 0 0
421 80059369 0 0
421 80063447 0 0
421 80063995 0 0
421 80064937 0 0
421 80065240 0 0
421 80065695 0 0
421 80067108 0 0
421 80069297 0 0
421 80069611 0 0
421 80069761 0 0
421 80069852 0 0
421 80069937 0 0
421 80070875 0 0
421 80072412 0 0
421 80072770 0 0
421 80072868 0 0
421 80073331 0 0
421 80074224 0 0
421 80074792 0 0
421 80074981 0 0
421 80080756 0 0
421 80081048 0 0
421 80081242 0 0
421 80082763 0 0
421 80082781 0 0
421 80082817 0 0
421 80082887 0 0
421 80082961 0 0
421 80083007 0 0
421 80083040 0 0
421 80083187 1 0
421 80083236 1 0
421 80083248 1 0
421 80083273 1 0
421 80083286 0 0
421 80083321 0 0
421 80083341 1 0
421 80083358 1 0
421 80083370 0 0
421 80083395 1 0
421 80083511 1 0
421 80083558 0 0
421 80083569 0 0
421 80083623 0 0
421 80083711 1 0
421 80083774 1 0
421 80084054 0 0
421 80084216 0 0
421 80084507 0 0
421 80084652 0 0
421 80085045 0 0
421 80085211 0 0
421 80085362 0 0
421 80085564 0 0
421 80086740 0 0
421 80086863 0 0
421 80086971 0 0
421 80087420 0 0
421 80087702 0 0
421 80087786 0 0
421 80087883 0 0
421 80087970 0 0
421 80088074 0 0
421 80088408 0 0
421 80088468 0 0
421 80088659 0 0
421 80089087 0 0
421 80089180 0 0
421 80090396 0 0
421 80090530 0 0
421 80091654 0 0
421 80092067 0 0
421 80092888 0 0
421 80095552 0 0
421 80095674 0 0
421 80096520 0 0
421 80096607 0 0
421 80097808 0 0
421 80097973 0 0
421 80098021 0 0
421 80098088 0 1
421 80098089 1 1
421 80098179 0 0
424 80624734 0 0
424 80625140 0 0
424 80627146 0 0
424 80627744 0 0
424 80628416 0 0
424 80628435 0 0
424 80628825 0 0
424 80628863 0 0
424 80628948 1 0
424 80629142 0 0
424 80632344 0 0
424 80632397 0 0
424 80634581 0 0
424 80636417 0 0
424 80636591 0 0
424 80636779 0 0
424 80636841 0 0
424 80637598 0 0
424 80637784 0 0
424 80637985 0 0
424 80639814 0 0
424 80640911 0 0
424 80641351 0 0
424 80641507 0 0
424 80649999 0 0
424 80650032 0 0
424 80650214 0 0
424 80650518 0 0
424 80652277 0 0
424 80652593 0 0
424 80653651 0 0
424 80653756 0 0
424 80656598 0 0
424 80657074 0 0
424 80657623 0 0
424 80661580 0 0
424 80661717 0 0
424 80662575 0 0
424 80662724 0 0
424 80669234 0 0
424 80669526 0 0
424 80670402 0 0
424 80676462 0 0
424 80677090 0 0
424 80677152 0 0
424 80678925 0 0
424 80678980 0 0
424 80680596 0 0
424 80686714 0 0
424 80687927 0 0
424 80687971 0 0
424 80691749 0 0
424 80691826 0 0
424 80692723 0 0
424 80693370 0 1
424 80693371 1 1
424 80693411 0 0
424 80694216 1 0
424 80694455 0 0
424 80694577 1 0
424 80694615 0 0
424 80696183 0 0
424 80696212 0 1
424 80696213 1 1
424 80696267 0 0
424 80696318 0 0
424 80696410 0 0
424 80696494 0 0
424 80699873 0 1
424 80699874 1 1
424 80700023 0 1
424 80700024 1 1
424 80700153 0 1
424 80700154 1 1
424 80700275 0 1
424 80700276 1 1
424 80701406 0 0
424 80704490 0 0
424 80704696 1 0
424 80704970 0 1
424 80704971 1 1
424 80705097 0 0
424 80706032 0 1
424 80706033 1 1
424 80706378 0 1
424 80706379 1 1
424 80706849 0 1
424 80706850 1 1
424 80707203 0 1
424 80707204 1 1
424 80707292 0 1
424 80707293 1 1
424 80707485 0 0
424 80709066 1 0
424 80711229 0 0
424 80711612 0 1
424 80711613 1 1
424 80711744 0 1
424 80711745 1 1
424 80712475 0 0
424 80713670 0 1
424 80713671 1 1
424 80713892 0 0
424 80713906 0 0
424 80713908 0 0
424 80713911 0 0
424 80714293 0 1
424 80714294 1 1
424 80714337 0 0
424 80714420 0 0
424 80714512 0 0
424 80714620 0 0
424 80714969 0 0
424 80715134 0 0
424 80715725 0 0
424 80717505 1 0
424 80721464 0 0
424 80721518 0 1
424 80721519 1 1
424 80722427 0 1
424 80722428 1 1
424 80722482 0 1
424 80722483 1 1
424 80722787 0 1
424 80722788 1 1
424 80726021 0 0
424 80727170 0 1
424 80727171 1 1
424 80727544 0 1
424 80727545 1 1
424 80727880 0 0
424 80728176 0 1
424 80728177 1 1
424 80728272 1 0
424 80728667 1 0
424 80733043 0 0
424 80733908 0 0
424 80733968 0 0
424 80734335 0 0
424 80740484 1 0
424 80742484 0 0
424 80745090 0 0
424 80745194 0 0
424 80756615 0 0
424 80760628 0 0
424 80763428 0 0
