402 74699230 0
402 74699284 0
402 74699417 0
402 74699787 0
402 74699877 0
402 74700081 0
402 74700175 0
402 74700630 0
402 74700934 0
402 74701089 0
402 74701122 0
402 74701156 0
402 74701255 0
402 74701335 0
402 74701600 0
402 74701742 0
402 74701987 0
402 74702015 0
402 74702095 0
402 74702127 0
402 74702239 0
402 74702334 0
402 74702423 0
402 74702550 0
402 74702583 0
402 74702712 0
402 74702780 0
402 74702944 0
402 74703013 0
402 74703079 0
402 74703438 0
402 74703636 0
402 74704740 0
402 74705152 0
402 74705317 0
402 74705638 0
402 74706130 0
402 74707399 0
402 74709320 0
402 74709453 0
402 74709622 0
402 74709774 0
402 74710014 0
402 74710104 0
402 74710354 0
402 74710485 0
402 74710644 0
402 74710791 0
402 74710866 0
402 74710995 0
402 74711748 0
402 74712613 0
402 74713171 0
402 74713285 0
402 74713363 0
402 74713488 0
402 74714191 0
402 74714424 0
402 74714529 0
402 74714593 0
402 74714640 0
402 74714752 0
402 74714862 0
402 74714939 0
402 74715015 0
402 74715077 0
402 74715236 0
402 74715349 0
402 74715568 0
402 74715789 0
402 74715848 0
402 74715926 0
402 74716119 0
402 74716491 0
402 74716551 0
402 74716734 0
403 74936048 0
403 74936049 1
403 74936095 0
403 74936096 1
403 74936148 0
403 74936222 0
403 74936294 0
403 74936353 0
403 74936494 0
403 74937060 0
403 74937114 0
403 74937345 0
403 74937912 0
403 74937999 0
403 74939523 0
403 74939833 0
403 74939967 0
403 74940297 0
403 74940530 0
403 74948724 0
403 74948870 0
403 74950043 0
403 74950078 0
403 74950168 0
403 74950215 0
403 74950270 0
403 74950327 0
403 74950369 0
403 74950410 0
403 74950453 0
403 74950489 0
403 74950567 0
403 74950612 0
403 74950650 0
403 74950696 0
403 74950729 0
403 74950773 0
403 74950816 0
403 74950879 0
403 74950989 0
403 74951355 0
403 74951392 0
403 74951435 0
403 74951497 0
403 74955061 0
403 74957552 0
406 75863574 0
406 76010791 0
411 77450719 0
411 77450923 0
411 77452113 0
411 77452162 0
411 77452244 0
411 77452312 0
411 77452424 0
411 77452517 0
411 77452566 0
411 77452710 0
411 77452847 0
411 77452896 0
411 77452936 0
411 77452980 0
411 77452981 1
411 77453639 0
411 77454031 0
411 77454140 0
411 77454246 0
411 77455598 0
411 77455804 0
411 77455805 1
411 77456146 0
411 77457153 0
411 77458158 0
411 77458376 0
411 77459545 0
411 77459745 0
411 77459917 0
411 77459979 0
411 77460170 0
411 77460365 0
411 77460484 0
411 77460765 0
411 77461610 0
411 77461611 1
411 77461819 0
411 77461820 1
411 77467052 0
411 77467332 0
411 77467407 0
411 77467450 0
411 77467627 0
411 77467948 0
411 77478293 0
411 77478339 0
411 77478389 0
411 77478421 0
411 77478510 0
411 77478550 0
411 77478551 1
411 77478621 0
411 77478694 0
411 77478743 0
411 77478793 0
411 77478989 0
411 77479079 0
411 77479110 0
411 77480054 0
411 77480100 0
411 77480168 0
411 77480259 0
411 77480295 0
411 77480358 0
411 77480425 0
411 77480575 0
411 77480613 0
411 77480648 0
411 77480720 0
411 77481815 0
411 77482062 0
411 77482883 0
411 77483363 0
411 77483397 0
411 77483398 1
411 77483770 0
411 77483843 0
411 77484111 0
411 77484171 0
411 77484217 0
411 77485440 0
411 77485534 0
411 77485668 0
411 77485731 0
411 77485793 0
411 77485817 0
411 77485935 0
411 77485984 0
411 77486102 0
411 77486149 0
411 77486186 0
411 77486273 0
411 77486344 0
411 77486433 0
412 77732632 0
412 77732703 0
412 77732768 0
412 77732830 0
412 77732831 1
412 77732911 0
412 77732982 0
412 77733050 0
412 77733051 1
412 77733149 0
412 77733150 1
412 77733208 0
412 77733423 0
412 77733543 0
412 77733614 0
412 77733718 0
412 77733776 0
412 77733904 0
412 77734245 0
412 77737537 0
412 77737593 0
412 77737739 0
412 77737802 0
412 77737861 0
412 77737917 0
412 77738048 0
412 77738163 0
412 77738221 0
412 77738349 0
412 77738485 0
412 77738540 0
412 77738541 1
412 77738621 0
412 77738681 0
412 77738682 1
412 77738752 0
412 77738850 0
412 77738913 0
412 77738983 0
412 77738984 1
412 77739065 0
412 77739137 0
412 77739138 1
412 77739193 0
412 77739194 1
412 77739255 0
412 77739340 0
412 77739405 0
412 77739481 0
412 77739561 0
412 77739608 0
412 77742753 0
412 77743004 0
412 77743127 0
412 77743275 0
413 77747350 0
413 77747666 0
413 77747873 0
413 77748074 0
413 77748411 0
413 77748477 0
413 77748556 0
413 77748615 0
413 77748764 0
413 77748822 0
413 77748913 0
413 77749021 0
413 77749073 0
413 77749153 0
413 77749216 0
413 77749292 0
413 77749348 0
413 77749349 1
413 77749402 0
413 77749450 0
413 77749529 0
413 77749530 1
413 77749589 0
413 77749639 0
413 77749713 0
413 77749762 0
413 77749830 0
413 77749892 0
413 77749932 0
413 77749997 0
413 77750068 0
413 77750119 0
413 77750174 0
413 77750244 0
413 77750297 0
413 77750367 0
413 77750368 1
413 77750430 0
413 77750535 0
413 77750536 1
413 77750615 0
413 77750616 1
413 77750694 0
413 77750756 0
413 77750757 1
413 77750807 0
413 77750867 0
413 77750868 1
413 77750924 0
413 77750925 1
413 77751040 0
413 77751160 0
413 77751161 1
413 77751196 0
413 77751246 0
413 77751296 0
413 77751297 1
413 77751370 0
413 77751371 1
413 77751435 0
413 77751436 1
413 77751541 0
413 77751592 0
413 77751633 0
413 77751634 1
413 77751711 0
413 77751761 0
413 77751816 0
413 77751868 0
413 77751955 0
413 77752021 0
413 77752064 0
413 77752116 0
413 77752176 0
413 77752227 0
413 77752277 0
413 77752338 0
413 77752395 0
413 77752458 0
413 77752512 0
413 77752559 0
413 77752648 0
413 77752694 0
413 77752695 1
413 77752749 0
413 77752812 0
413 77752886 0
413 77752887 1
413 77752978 0
413 77752979 1
413 77753023 0
413 77753087 0
413 77753203 0
413 77753253 0
413 77753254 1
413 77753315 0
413 77753364 0
413 77753365 1
413 77753434 0
413 77753496 0
413 77753537 0
413 77753538 1
413 77753619 0
413 77753667 0
413 77753719 0
413 77753720 1
413 77753769 0
413 77753770 1
413 77753839 0
413 77753840 1
413 77753939 0
413 77753981 0
413 77753982 1
413 77754037 0
413 77754038 1
413 77754081 0
413 77754125 0
413 77754178 0
413 77754264 0
413 77754322 0
413 77754323 1
413 77754390 0
413 77754453 0
413 77754454 1
413 77754504 0
413 77754505 1
413 77754558 0
413 77754559 1
413 77754604 0
413 77754667 0
413 77754728 0
413 77754729 1
413 77754792 0
413 77754793 1
413 77754863 0
413 77754909 0
413 77754910 1
413 77754952 0
413 77755006 0
413 77755007 1
413 77755068 0
413 77755114 0
413 77755184 0
413 77755261 0
413 77755310 0
413 77755381 0
413 77755589 0
413 77755633 0
413 77755634 1
413 77755695 0
413 77755696 1
413 77755747 0
413 77755748 1
413 77755793 0
413 77755854 0
413 77755922 0
413 77755998 0
413 77755999 1
413 77756059 0
413 77756123 0
413 77756183 0
413 77756257 0
413 77756258 1
413 77756309 0
413 77756388 0
413 77756466 0
413 77756534 0
413 77756603 0
413 77756732 0
413 77756786 0
413 77756995 0
413 77757096 0
413 77757134 0
413 77757183 0
413 77757184 1
413 77757245 0
413 77757283 0
413 77757323 0
413 77757387 0
413 77757446 0
413 77757496 0
413 77757497 1
413 77757558 0
413 77757607 0
413 77757674 0
413 77757675 1
413 77757732 0
413 77757733 1
413 77757887 0
413 77757960 0
413 77758044 0
413 77758101 0
413 77758141 0
413 77758176 0
413 77758177 1
413 77758234 0
413 77758296 0
413 77758352 0
413 77758570 0
413 77758774 0
413 77758823 0
413 77758948 0
413 77759144 0
413 77759475 0
413 77761232 0
413 77761340 0
413 77761439 0
413 77761502 0
413 77761617 0
413 77761667 0
413 77761668 1
413 77761808 0
413 77761867 0
413 77761868 1
413 77761932 0
413 77761933 1
413 77762074 0
413 77762075 1
413 77762116 0
413 77762178 0
413 77762179 1
413 77762236 0
413 77762288 0
413 77762289 1
413 77762348 0
413 77766191 0
413 77766192 1
413 77766712 0
413 77767275 0
413 77767763 0
413 77768361 0
413 77771669 0
413 77771792 0
413 77771793 1
413 77771891 0
413 77771892 1
413 77771993 0
413 77773125 0
413 77773929 0
413 77773930 1
413 77774155 0
413 77774460 0
413 77774616 1
413 77775999 1
413 77776180 1
413 77776388 1
413 77776570 1
413 77779782 0
413 77779958 0
413 77779959 1
413 77780268 0
413 77780269 1
413 77781001 0
413 77781002 1
413 77781231 0
413 77782952 1
413 77783012 0
413 77783013 1
413 77783057 1
413 77783119 0
413 77783120 1
413 77783672 1
413 77783734 0
413 77783735 1
413 77783824 0
413 77783905 0
413 77783906 1
413 77785886 1
413 77786832 0
421 79995831 0
421 79995923 0
421 79996041 0
421 79996137 0
421 79996202 0
421 79996322 0
421 79996365 0
421 79996496 0
421 79998227 0
421 79998329 0
421 79998404 0
421 79998463 0
421 79998576 0
421 79998682 0
421 79998774 0
421 79998775 1
421 79998865 0
421 79998951 0
421 79999107 0
421 79999191 0
421 79999192 0
421 79999264 0
421 79999909 0
421 79999994 0
421 80000119 0
421 80003262 0
421 80003263 1
421 80003389 0
421 80003451 0
421 80003605 0
421 80003606 1
421 80003680 0
421 80003740 0
421 80003842 0
421 80003918 0
421 80006173 0
421 80006280 0
421 80006459 0
421 80006561 0
421 80006686 0
421 80007013 0
421 80007102 0
421 80007169 0
421 80007267 0
421 80007373 0
421 80007374 1
421 80007466 0
421 80007550 0
421 80007551 1
421 80007639 0
421 80007640 1
421 80008418 0
421 80010123 0
421 80010277 0
421 80010406 0
421 80010407 1
421 80010503 0
421 80010593 0
421 80011285 0
421 80011394 0
421 80011469 0
421 80011563 0
421 80011681 0
421 80011767 0
421 80011838 0
421 80011933 0
421 80012025 0
421 80012219 0
421 80012297 0
421 80014104 0
421 80014245 0
421 80014339 0
421 80014442 0
421 80014542 0
421 80014703 0
421 80014793 0
421 80014872 0
421 80014936 0
421 80015004 0
421 80015094 0
421 80015095 1
421 80015182 0
421 80015183 1
421 80015293 0
421 80016028 0
421 80016029 1
421 80016118 0
421 80016119 1
421 80016238 0
421 80016239 1
421 80016325 0
421 80016326 1
421 80016442 0
421 80016536 0
421 80016631 0
421 80016918 0
421 80017031 0
421 80017372 0
421 80017467 0
421 80017650 0
421 80017651 1
421 80017791 0
421 80017918 0
421 80018835 0
421 80018936 0
421 80019104 0
421 80019181 0
421 80019258 0
421 80019418 0
421 80030954 0
421 80031330 0
421 80031482 0
421 80032063 0
421 80032245 0
421 80032319 0
421 80032411 0
421 80033310 0
421 80033428 0
421 80033722 0
421 80033773 0
421 80033834 0
421 80033904 0
421 80034005 0
421 80034124 0
421 80034219 0
421 80034387 0
421 80034472 0
421 80034535 0
421 80034595 0
421 80034702 0
421 80034742 0
421 80034812 0
421 80034844 0
421 80034913 0
421 80034967 0
421 80035037 0
421 80035087 0
421 80035145 0
421 80035225 0
421 80035734 0
421 80036602 0
421 80036648 0
421 80043486 0
421 80058628 0
421 80058979 0
421 80059369 0
421 80063447 0
421 80063995 0
421 80064937 0
421 80065240 0
421 80065695 0
421 80067108 0
421 80069297 0
421 80069611 0
421 80069761 0
421 80069852 0
421 80069937 0
421 80070875 0
421 80072412 0
421 80072770 0
421 80072868 0
421 80073331 0
421 80074224 0
421 80074792 0
421 80074981 0
421 80080756 0
421 80081048 0
421 80081242 0
421 80082781 0
421 80082817 0
421 80083040 0
421 80083370 0
421 80084054 0
421 80084216 0
421 80084507 0
421 80084652 0
421 80085045 0
421 80085211 0
421 80085362 0
421 80085564 0
421 80086740 0
421 80086863 0
421 80086971 0
421 80087420 0
421 80087702 0
421 80087786 0
421 80087883 0
421 80087970 0
421 80088074 0
421 80088408 0
421 80088468 0
421 80088659 0
421 80089087 0
421 80089180 0
421 80090396 0
421 80090530 0
421 80091654 0
421 80092067 0
421 80092888 0
421 80095552 0
421 80095674 0
421 80096520 0
421 80096607 0
421 80097808 0
421 80097973 0
421 80098021 0
421 80098088 0
421 80098089 1
421 80098179 0
422 80100016 0
422 80100102 0
422 80100169 0
422 80100255 0
422 80100323 0
422 80100429 0
422 80100430 1
422 80100544 0
422 80100545 1
422 80100644 0
422 80100802 0
422 80102021 0
422 80102664 0
422 80102764 0
422 80102765 1
422 80102830 0
422 80102924 0
422 80106469 0
422 80106703 0
422 80112973 0
422 80113127 0
422 80113319 0
422 80114112 0
422 80114763 0
422 80116113 0
422 80116307 0
422 80116638 0
422 80116726 0
422 80116845 0
422 80116985 0
422 80118113 0
422 80121691 0
422 80122043 0
422 80122044 1
422 80122442 0
422 80122603 0
422 80122951 0
422 80123093 0
422 80123657 0
422 80124251 0
422 80125641 0
422 80125800 0
422 80125887 0
422 80126091 0
422 80126580 0
422 80127366 0
422 80127444 0
422 80127504 0
422 80127684 0
422 80127906 0
422 80127952 0
422 80128011 0
422 80128090 0
422 80128255 0
422 80130026 0
422 80130156 0
422 80130884 0
422 80130936 0
422 80130990 0
422 80131060 0
422 80131125 0
422 80131190 0
422 80131271 0
422 80131338 0
422 80131428 0
422 80131543 0
422 80131616 0
422 80131665 0
422 80131767 0
422 80133091 0
422 80133751 0
422 80133953 0
422 80134070 0
422 80134202 0
422 80134287 0
422 80134362 0
422 80134444 0
422 80134530 0
422 80134618 0
422 80134691 0
422 80134758 0
422 80134807 0
422 80134874 0
422 80134944 0
422 80135006 0
422 80135069 0
422 80135110 0
422 80135173 0
422 80135808 0
422 80135960 0
422 80136348 0
422 80136455 0
422 80148333 0
422 80148393 0
422 80148450 0
422 80148488 0
422 80148571 0
422 80148617 0
422 80148734 0
422 80149445 0
422 80150034 0
422 80150177 0
422 80150259 0
422 80150312 0
422 80150382 0
422 80151963 0
422 80154915 0
422 80154981 0
422 80155117 0
422 80157144 0
422 80157417 0
422 80157970 0
422 80160140 0
422 80161813 0
422 80162124 0
422 80162181 0
422 80163887 0
422 80163929 0
422 80164265 0
422 80164308 0
422 80164469 0
422 80164525 0
422 80164572 0
422 80164614 0
422 80164662 0
422 80165448 0
422 80165504 0
422 80165773 0
422 80165878 0
422 80165935 0
422 80166021 0
422 80166074 0
422 80166127 0
422 80166213 0
422 80166267 0
422 80166344 0
422 80166409 0
422 80166483 0
422 80167498 0
422 80167651 0
422 80167798 0
422 80168050 0
422 80168365 0
422 80168495 0
422 80168626 0
422 80168791 0
422 80170003 0
422 80170114 0
422 80170159 0
422 80170399 0
422 80171073 0
422 80171188 0
422 80171402 0
422 80173899 0
422 80174056 0
422 80174140 0
422 80174235 0
422 80174329 0
422 80174458 0
422 80175936 0
422 80176055 0
422 80176174 0
422 80176315 0
422 80176455 0
422 80176568 0
422 80176819 0
422 80176921 0
422 80178459 0
422 80178596 0
422 80178720 0
422 80178785 0
422 80179515 0
422 80179574 0
422 80179679 0
422 80179758 0
422 80179881 0
422 80180029 0
422 80182778 0
422 80184875 0
422 80203975 0
422 80204170 0
422 80204556 0
422 80204598 0
422 80205520 0
422 80206663 0
422 80206731 0
422 80206797 0
422 80206880 0
422 80207026 0
422 80207093 0
422 80207161 0
422 80207224 0
422 80207265 0
422 80207329 0
422 80207469 0
422 80207535 0
422 80207694 0
422 80207742 0
422 80207782 0
422 80207846 0
422 80207899 0
422 80207962 0
422 80208032 0
422 80208105 0
422 80208195 0
422 80208249 0
422 80208302 0
422 80208363 0
422 80208421 0
422 80208485 0
422 80208544 0
422 80208709 0
422 80208904 0
422 80208999 0
422 80209274 0
422 80213674 0
422 80213794 0
422 80214164 0
422 80214523 0
422 80214994 0
422 80218209 0
422 80223699 0
422 80223927 0
422 80224037 0
422 80224106 0
422 80224174 0
422 80224227 0
422 80224228 1
422 80226013 0
422 80226194 0
422 80226511 0
422 80226703 0
422 80226916 0
422 80227099 0
422 80227255 0
422 80227344 0
422 80227576 0
422 80229045 0
422 80229539 0
422 80229971 0
422 80230422 0
422 80230961 0
422 80232184 0
422 80232928 0
422 80233046 0
422 80233114 0
422 80233171 0
422 80233217 0
422 80233270 0
422 80233271 1
422 80233358 0
422 80233359 1
422 80233423 0
422 80233497 0
422 80234443 0
422 80234558 0
422 80234713 0
422 80238123 0
422 80245461 0
422 80248168 0
422 80248362 0
422 80248423 0
422 80248975 0
422 80249044 0
422 80249104 0
422 80249488 0
422 80249701 0
422 80249868 0
422 80249930 0
422 80250093 0
422 80250204 0
422 80250377 0
422 80253839 0
422 80254429 0
422 80256000 0
422 80259622 0
422 80259713 0
422 80260112 0
422 80260759 0
422 80263651 0
422 80263726 0
422 80263817 0
422 80264236 0
422 80264523 0
422 80267146 0
422 80267327 0
422 80269338 0
422 80273441 0
422 80273488 0
422 80273564 0
422 80273779 0
422 80273837 0
422 80274080 0
422 80274186 0
422 80275049 0
422 80275238 0
422 80277445 0
422 80277506 0
422 80277663 0
422 80280273 0
422 80283294 0
422 80283607 0
422 80284339 0
422 80284439 0
422 80286516 0
422 80286589 0
422 80287998 0
422 80289663 0
422 80289896 0
422 80290938 0
422 80291029 0
422 80291155 0
422 80292960 0
422 80293346 0
422 80295233 0
422 80295448 0
422 80295829 0
422 80297132 0
422 80297133 0
422 80297216 0
422 80297902 0
422 80297944 0
422 80297988 0
422 80298645 0
422 80298743 0
422 80298772 0
422 80299309 0
422 80299371 0
422 80299372 1
422 80300068 0
422 80300110 0
422 80300205 0
422 80300248 0
422 80300297 0
422 80301339 0
422 80301374 0
422 80301417 0
422 80301459 0
422 80301555 0
422 80301594 0
422 80301595 0
422 80304152 0
422 80304252 0
422 80305596 0
422 80308126 0
422 80311462 0
422 80313769 0
422 80336073 0
422 80343665 0
423 80586247 0
423 80587689 0
423 80606817 0
423 80613784 0
423 80618669 1
423 80618999 1
424 80662724 0
424 80662787 0
424 80677090 0
424 80677152 0
424 80677670 0
424 80680596 0
424 80684625 0
424 80686522 0
424 80687971 0
424 80689403 0
424 80691749 0
424 80691826 0
424 80693370 0
424 80693411 0
424 80694455 0
424 80694615 0
424 80696183 0
424 80696212 0
424 80696267 0
424 80696410 0
424 80699873 0
424 80699874 1
424 80700023 0
424 80700024 1
424 80700153 0
424 80700154 1
424 80700275 0
424 80700276 1
424 80704490 0
424 80704566 1
424 80704696 1
424 80704970 0
424 80706032 0
424 80706033 1
424 80706378 0
424 80706379 1
424 80706849 0
424 80707203 0
424 80707204 1
424 80707292 0
424 80711229 0
424 80711612 0
424 80711613 1
424 80711744 0
424 80711745 1
424 80713670 0
424 80713671 1
424 80713908 0
424 80714293 0
424 80714294 1
424 80714420 0
424 80714512 0
424 80717505 1
424 80718570 1
424 80721464 0
424 80721518 0
424 80721519 1
424 80722428 1
424 80722482 0
435 83866871 0
435 83867396 0
435 83876288 0
435 83887778 0
437 83933110 0
437 83933304 0
437 83940717 0
437 83953166 0
437 83965916 0
437 83966512 0
437 83967780 0
437 83970304 0
437 83978607 0
439 84475211 1
439 84525894 1
439 84603686 0
439 84603687 1
439 84605529 1
439 84605530 1
439 84605795 1
439 84606663 0
439 84607232 1
439 84607935 1
439 84608117 1
439 84608380 1
439 84608518 1
439 84608585 1
439 84609933 1
439 84613252 0
439 84613308 1
439 84615308 0
439 84615396 1
439 84615491 0
439 84627591 0
439 84628298 0
439 84628458 0
439 84629010 0
439 84631170 0
439 84632981 0
439 84633206 0
