#SURF  Chan  LABChip  ADCToVolt [mV/ADC-tick]
0 0 0 2.71619
0 1 0 2.85218
0 2 0 2.69701
0 3 0 2.66606
0 4 0 2.4049
0 5 0 2.42029
0 6 0 2.28453
0 7 0 2.22009
1 0 0 2.26149
1 1 0 2.28914
1 2 0 2.52404
1 3 0 2.21068
1 4 0 2.08012
1 5 0 2.10131
1 6 0 1.95735
1 7 0 1.94648
2 0 0 2.43634
2 1 0 2.49062
2 2 0 2.83311
2 3 0 2.27994
2 4 0 2.24817
2 5 0 2.17674
2 6 0 2.32726
2 7 0 2.12107
3 0 0 2.23359
3 1 0 2.26534
3 2 0 2.33969
3 3 0 2.41438
3 4 0 2.05584
3 5 0 2.185
3 6 0 2.01239
3 7 0 2.20448
4 0 0 2.69174
4 1 0 2.1418
4 2 0 2.24047
4 3 0 2.21499
4 4 0 1.94295
4 5 0 1.99316
4 6 0 1.92973
4 7 0 2.0845
5 0 0 2.71619
5 1 0 2.22663
5 2 0 2.74597
5 3 0 2.12563
5 4 0 1.98046
5 5 0 1.99894
5 6 0 1.93418
5 7 0 1.95081
6 0 0 2.44236
6 1 0 2.39519
6 2 0 2.54738
6 3 0 2.55853
6 4 0 2.17013
6 5 0 2.21792
6 6 0 2.40385
6 7 0 2.15425
7 0 0 2.29404
7 1 0 2.33233
7 2 0 2.63653
7 3 0 2.41227
7 4 0 2.14837
7 5 0 2.20764
7 6 0 2.03308
7 7 0 2.09674
8 0 0 2.51728
8 1 0 2.34638
8 2 0 2.60466
8 3 0 2.50145
8 4 0 2.24582
8 5 0 2.27778
8 6 0 2.2591
8 7 0 2.23191
9 0 0 2.47719
9 1 0 2.53182
9 2 0 2.46374
9 3 0 2.63168
9 4 0 2.17355
9 5 0 2.31372
9 6 0 2.17074
9 7 0 2.31566
10 0 0 3.07087
10 1 0 2.54234
10 2 0 2.53149
10 3 0 2.4085
10 4 0 2.18959
10 5 0 2.17698
10 6 0 2.15172
10 7 0 2.41665
11 0 0 3.09154
11 1 0 2.4067
11 2 0 2.38114
11 3 0 3.07699
11 4 0 2.05781
11 5 0 2.1808
11 6 0 2.03705
11 7 0 2.07096
0 0 1 2.95235
0 1 1 3.07883
0 2 1 2.89401
0 3 1 2.8793
0 4 1 2.50613
0 5 1 2.52123
0 6 1 2.35319
0 7 1 2.24904
1 0 1 2.18735
1 1 1 2.19658
1 2 1 2.43009
1 3 1 2.11343
1 4 1 1.98655
1 5 1 2.00904
1 6 1 1.86951
1 7 1 1.87005
2 0 1 2.45377
2 1 1 2.45112
2 2 1 2.76918
2 3 1 2.26344
2 4 1 2.19009
2 5 1 2.10603
2 6 1 2.23689
2 7 1 2.05053
3 0 1 2.13664
3 1 1 2.14784
3 2 1 2.23559
3 3 1 2.31292
3 4 1 1.9542
3 5 1 2.08167
3 6 1 1.90529
3 7 1 2.1238
4 0 1 2.6347
4 1 1 2.63722
4 2 1 2.18884
4 3 1 2.13759
4 4 1 1.86887
4 5 1 1.91753
4 6 1 1.8534
4 7 1 1.98604
5 0 1 3.02349
5 1 1 2.34103
5 2 1 2.9904
5 3 1 2.21873
5 4 1 2.01587
5 5 1 2.01904
5 6 1 1.94013
5 7 1 1.93759
6 0 1 2.32394
6 1 1 2.29145
6 2 1 2.41288
6 3 1 2.41971
6 4 1 2.03311
6 5 1 2.11296
6 6 1 2.28222
6 7 1 2.01851
7 0 1 2.21541
7 1 1 2.25154
7 2 1 2.51022
7 3 1 2.3203
7 4 1 2.08381
7 5 1 2.14652
7 6 1 1.95341
7 7 1 2.00319
8 0 1 2.25959
8 1 1 2.12555
8 2 1 2.31556
8 3 1 2.25233
8 4 1 2.04422
8 5 1 2.09242
8 6 1 2.07461
8 7 1 2.07774
9 0 1 2.54757
9 1 1 2.59844
9 2 1 2.53117
9 3 1 2.68035
9 4 1 2.169
9 5 1 2.28114
9 6 1 2.12485
9 7 1 2.28818
10 0 1 2.95461
10 1 1 2.44816
10 2 1 2.42565
10 3 1 2.31988
10 4 1 2.09071
10 5 1 2.10511
10 6 1 2.05831
10 7 1 2.30007
11 0 1 3.43493
11 1 1 2.60055
11 2 1 2.53667
11 3 1 3.33039
11 4 1 2.14198
11 5 1 2.23055
11 6 1 2.11796
11 7 1 2.12849
0 0 2 2.64193
0 1 2 2.79571
0 2 2 2.61378
0 3 2 2.65779
0 4 2 2.34146
0 5 2 2.39057
0 6 2 2.21324
0 7 2 2.17022
1 0 2 2.16182
1 1 2 2.21796
1 2 2 2.45065
1 3 2 2.12837
1 4 2 1.99282
1 5 2 2.00131
1 6 2 1.87405
1 7 2 1.88487
2 0 2 2.42779
2 1 2 2.43223
2 2 2 2.75887
2 3 2 2.2497
2 4 2 2.17648
2 5 2 2.16243
2 6 2 2.26958
2 7 2 2.07943
3 0 2 2.01261
3 1 2 2.02116
3 2 2 2.13073
3 3 2 2.22501
3 4 2 1.85931
3 5 2 1.96768
3 6 2 1.81781
3 7 2 2.00298
4 0 2 2.81903
4 1 2 2.24028
4 2 2 2.36011
4 3 2 2.34917
4 4 2 1.98645
4 5 2 2.03676
4 6 2 1.97768
4 7 2 2.1161
5 0 2 2.66514
5 1 2 2.16534
5 2 2 2.67272
5 3 2 2.06493
5 4 2 1.9278
5 5 2 1.92712
5 6 2 1.82937
5 7 2 1.88276
6 0 2 2.26838
6 1 2 2.24904
6 2 2 2.3529
6 3 2 2.39399
6 4 2 2.02851
6 5 2 2.09811
6 6 2 2.28073
6 7 2 2.02733
7 0 2 2.29541
7 1 2 2.33677
7 2 2 2.62751
7 3 2 2.45627
7 4 2 2.15734
7 5 2 2.18574
7 6 2 1.9883
7 7 2 2.05141
8 0 2 2.58519
8 1 2 2.36257
8 2 2 2.61378
8 3 2 2.53483
8 4 2 2.22244
8 5 2 2.27293
8 6 2 2.27212
8 7 2 2.22681
9 0 2 2.54404
9 1 2 2.58224
9 2 2 2.57396
9 3 2 2.68128
9 4 2 2.19884
9 5 2 2.31486
9 6 2 2.15035
9 7 2 2.30131
10 0 2 2.84003
10 1 2 2.45268
10 2 2 2.38939
10 3 2 2.29637
10 4 2 2.09617
10 5 2 2.12274
10 6 2 2.08381
10 7 2 2.33535
11 0 2 3.53291
11 1 2 2.70767
11 2 2 2.60441
11 3 2 3.59758
11 4 2 2.21286
11 5 2 2.34974
11 6 2 2.19508
11 7 2 2.20893
0 0 3 2.37242
0 1 3 2.48908
0 2 3 2.35197
0 3 3 2.39189
0 4 3 2.1544
0 5 3 2.14778
0 6 3 2.02971
0 7 3 1.95721
1 0 3 2.23293
1 1 3 2.27425
1 2 3 2.5232
1 3 3 2.16458
1 4 3 2.03228
1 5 3 2.0496
1 6 3 1.88574
1 7 3 1.87097
2 0 3 2.36194
2 1 3 2.35528
2 2 3 2.63918
2 3 3 2.17032
2 4 3 2.138
2 5 3 2.07851
2 6 3 2.19785
2 7 3 1.99136
3 0 3 2.23643
3 1 3 2.22338
3 2 3 2.35629
3 3 3 2.4025
3 4 3 1.99891
3 5 3 2.11136
3 6 3 1.92827
3 7 3 2.14766
4 0 3 2.55674
4 1 3 2.02202
4 2 3 2.12196
4 3 3 2.07492
4 4 3 1.80234
4 5 3 1.82145
4 6 3 1.75738
4 7 3 1.89344
5 0 3 2.9505
5 1 3 2.29295
5 2 3 2.93429
5 3 3 2.17179
5 4 3 1.97896
5 5 3 2.00401
5 6 3 1.86997
5 7 3 1.8968
6 0 3 2.068
6 1 3 2.05992
6 2 3 2.16288
6 3 3 2.15742
6 4 3 1.84743
6 5 3 1.89298
6 6 3 2.04677
6 7 3 1.8509
7 0 3 2.0564
7 1 3 2.11624
7 2 3 2.35168
7 3 3 2.17106
7 4 3 1.95354
7 5 3 2.02288
7 6 3 1.83615
7 7 3 1.89971
8 0 3 2.15778
8 1 3 1.99725
8 2 3 2.19184
8 3 3 2.1236
8 4 3 1.90876
8 5 3 1.975
8 6 3 1.9747
8 7 3 1.96221
9 0 3 2.43798
9 1 3 2.47451
9 2 3 2.41063
9 3 3 2.52254
9 4 3 2.1027
9 5 3 2.20225
9 6 3 2.07503
9 7 3 2.22222
10 0 3 2.60522
10 1 3 2.21175
10 2 3 2.15912
10 3 3 2.07806
10 4 3 1.92576
10 5 3 1.92163
10 6 3 1.89419
10 7 3 2.11705
11 0 3 3.30229
11 1 3 2.51249
11 2 3 2.46975
11 3 3 3.24518
11 4 3 2.05684
11 5 3 2.16898
11 6 3 2.01124
11 7 3 2.05212
