2 1480470048.000000000 1480470163.000000000
3 1480470195.000000000 1480477377.000000000
4 1480477395.000000000 1480484631.000000000
5 1480484655.000000000 1480491897.000000000
6 1480491915.000000000 1480499158.000000000
7 1480499176.000000000 1480506418.000000000
8 1480506436.000000000 1480513678.000000000
9 1480513696.000000000 1480520938.000000000
10 1480520956.000000000 1480528191.000000000
11 1480528215.000000000 1480535458.000000000
12 1480535475.000000000 1480542693.000000000
13 1480542735.000000000 1480549978.000000000
14 1480549995.000000000 1480557218.000000000
15 1480557256.000000000 1480564488.000000000
16 1480564515.000000000 1480571759.000000000
17 1480571776.000000000 1480579019.000000000
18 1480579036.000000000 1480586276.000000000
19 1480586296.000000000 1480593527.000000000
20 1480593556.000000000 1480594285.000000000
21 1480594302.000000000 1480597472.000000000
22 1480597489.000000000 1480604689.000000000
23 1480604715.000000000 1480611949.000000000
24 1480611975.000000000 1480619198.000000000
25 1480619236.000000000 1480626479.000000000
26 1480626496.000000000 1480633739.000000000
27 1480633756.000000000 1480640999.000000000
28 1480641016.000000000 1480641743.000000000
29 1480641761.000000000 1480641781.000000000
30 1480642527.000000000 1480643569.000000000
31 1480643586.000000000 1480650778.000000000
32 1480650796.000000000 1480658037.000000000
33 1480658055.000000000 1480658557.000000000
34 1480658574.000000000 1480665778.000000000
35 1480665796.000000000 1480673038.000000000
36 1480673056.000000000 1480680299.000000000
37 1480680316.000000000 1480687559.000000000
38 1480687576.000000000 1480692713.000000000
39 1480692741.000000000 1480699977.000000000
40 1480699995.000000000 1480707238.000000000
41 1480707255.000000000 1480707622.000000000
42 1480707643.000000000 1480709832.000000000
43 1480709869.000000000 1480714961.000000000
44 1480715004.000000000 1480722214.000000000
45 1480722256.000000000 1480725484.000000000
46 1480725529.000000000 1480730679.000000000
47 1480730733.000000000 1480731772.000000000
48 1480731817.000000000 1480732825.000000000
49 1480732876.000000000 1480733690.000000000
50 1480733707.000000000 1480737095.000000000
51 1480737136.000000000 1480742164.000000000
52 1480742182.000000000 1480745696.000000000
53 1480745732.000000000 1480752958.000000000
54 1480752976.000000000 1480760217.000000000
55 1480760235.000000000 1480767477.000000000
56 1480767496.000000000 1480774738.000000000
57 1480774756.000000000 1480781998.000000000
58 1480782015.000000000 1480789258.000000000
59 1480789276.000000000 1480796518.000000000
62 1480804183.000000000 1480805491.000000000
63 1480805530.000000000 1480812777.000000000
64 1480812795.000000000 1480820037.000000000
65 1480820055.000000000 1480827297.000000000
66 1480827315.000000000 1480834558.000000000
67 1480834575.000000000 1480841818.000000000
68 1480841836.000000000 1480849078.000000000
69 1480849096.000000000 1480855503.000000000
70 1480855521.000000000 1480861335.000000000
71 1480861353.000000000 1480868578.000000000
72 1480868596.000000000 1480875836.000000000
73 1480875855.000000000 1480883098.000000000
74 1480883116.000000000 1480890357.000000000
75 1480890375.000000000 1480897618.000000000
76 1480897636.000000000 1480904877.000000000
77 1480904895.000000000 1480912138.000000000
78 1480912156.000000000 1480919398.000000000
79 1480919416.000000000 1480926658.000000000
80 1480926676.000000000 1480933917.000000000
81 1480933935.000000000 1480941178.000000000
82 1480941195.000000000 1480948437.000000000
83 1480948455.000000000 1480955698.000000000
84 1480955715.000000000 1480962957.000000000
85 1480962975.000000000 1480970218.000000000
86 1480970236.000000000 1480977476.000000000
87 1480977495.000000000 1480984737.000000000
88 1480984756.000000000 1480991997.000000000
89 1480992015.000000000 1480999258.000000000
90 1480999276.000000000 1481006517.000000000
91 1481006535.000000000 1481013777.000000000
92 1481013795.000000000 1481021037.000000000
93 1481021056.000000000 1481028298.000000000
94 1481028316.000000000 1481035558.000000000
95 1481035576.000000000 1481042818.000000000
96 1481042836.000000000 1481050078.000000000
97 1481050096.000000000 1481057338.000000000
98 1481057355.000000000 1481064598.000000000
99 1481064616.000000000 1481071857.000000000
100 1481071875.000000000 1481079117.000000000
101 1481079135.000000000 1481086377.000000000
102 1481086395.000000000 1481093638.000000000
103 1481093656.000000000 1481100896.000000000
104 1481100916.000000000 1481108155.000000000
105 1481108176.000000000 1481115416.000000000
106 1481115435.000000000 1481122677.000000000
107 1481122696.000000000 1481129938.000000000
108 1481129956.000000000 1481137198.000000000
109 1481137216.000000000 1481144457.000000000
110 1481144476.000000000 1481151717.000000000
111 1481151735.000000000 1481158961.000000000
112 1481158995.000000000 1481166217.000000000
113 1481166256.000000000 1481173498.000000000
114 1481173515.000000000 1481180757.000000000
115 1481180775.000000000 1481188017.000000000
116 1481188035.000000000 1481195277.000000000
117 1481195295.000000000 1481202538.000000000
118 1481202556.000000000 1481209798.000000000
119 1481209816.000000000 1481217057.000000000
120 1481217075.000000000 1481224317.000000000
121 1481224335.000000000 1481231578.000000000
122 1481231596.000000000 1481238838.000000000
123 1481238856.000000000 1481246097.000000000
124 1481246116.000000000 1481253357.000000000
125 1481253375.000000000 1481260618.000000000
126 1481260635.000000000 1481267877.000000000
127 1481267895.000000000 1481275137.000000000
128 1481275155.000000000 1481282397.000000000
129 1481282415.000000000 1481289657.000000000
130 1481289675.000000000 1481296918.000000000
131 1481296936.000000000 1481304177.000000000
132 1481304195.000000000 1481311412.000000000
133 1481311456.000000000 1481318698.000000000
134 1481318716.000000000 1481325957.000000000
135 1481325976.000000000 1481333218.000000000
136 1481333236.000000000 1481340478.000000000
137 1481340496.000000000 1481347737.000000000
138 1481347755.000000000 1481354998.000000000
139 1481355016.000000000 1481362258.000000000
140 1481362276.000000000 1481369517.000000000
141 1481369535.000000000 1481376777.000000000
142 1481376795.000000000 1481384037.000000000
143 1481384056.000000000 1481391298.000000000
144 1481391316.000000000 1481398557.000000000
145 1481398575.000000000 1481405817.000000000
146 1481405836.000000000 1481413077.000000000
147 1481413095.000000000 1481420337.000000000
148 1481420355.000000000 1481427598.000000000
149 1481427615.000000000 1481434857.000000000
150 1481434875.000000000 1481442117.000000000
151 1481442136.000000000 1481449378.000000000
152 1481449396.000000000 1481456638.000000000
153 1481456655.000000000 1481463898.000000000
154 1481463915.000000000 1481471157.000000000
155 1481471175.000000000 1481478418.000000000
156 1481478435.000000000 1481485677.000000000
157 1481485695.000000000 1481492476.000000000
158 1481492956.000000000 1481500198.000000000
159 1481500216.000000000 1481507457.000000000
160 1481507475.000000000 1481514718.000000000
161 1481514736.000000000 1481521978.000000000
162 1481521996.000000000 1481529236.000000000
163 1481529256.000000000 1481536430.000000000
164 1481536516.000000000 1481543754.000000000
165 1481543776.000000000 1481551018.000000000
166 1481551036.000000000 1481558275.000000000
167 1481558296.000000000 1481565537.000000000
168 1481565555.000000000 1481572797.000000000
169 1481572815.000000000 1481579906.000000000
170 1481580076.000000000 1481587316.000000000
171 1481587336.000000000 1481594578.000000000
172 1481594596.000000000 1481601837.000000000
173 1481601856.000000000 1481609096.000000000
174 1481609115.000000000 1481616357.000000000
175 1481616375.000000000 1481623615.000000000
176 1481623635.000000000 1481630876.000000000
177 1481630896.000000000 1481638136.000000000
178 1481638156.000000000 1481645397.000000000
179 1481645415.000000000 1481652657.000000000
180 1481652675.000000000 1481659917.000000000
181 1481659935.000000000 1481667178.000000000
182 1481667195.000000000 1481674437.000000000
183 1481674455.000000000 1481681698.000000000
184 1481681738.000000000 1481688956.000000000
185 1481688975.000000000 1481696217.000000000
186 1481696236.000000000 1481703478.000000000
187 1481703496.000000000 1481710737.000000000
188 1481710756.000000000 1481717997.000000000
189 1481718016.000000000 1481725257.000000000
190 1481725275.000000000 1481732518.000000000
191 1481732536.000000000 1481739777.000000000
192 1481739796.000000000 1481747034.000000000
193 1481747056.000000000 1481754297.000000000
194 1481754315.000000000 1481761557.000000000
195 1481761575.000000000 1481768817.000000000
196 1481768836.000000000 1481776077.000000000
197 1481776095.000000000 1481783337.000000000
198 1481783356.000000000 1481790598.000000000
199 1481790616.000000000 1481797858.000000000
200 1481797876.000000000 1481805117.000000000
201 1481805135.000000000 1481812378.000000000
202 1481812396.000000000 1481819637.000000000
203 1481819655.000000000 1481826897.000000000
204 1481826915.000000000 1481834157.000000000
205 1481834175.000000000 1481841418.000000000
206 1481841436.000000000 1481848677.000000000
207 1481848695.000000000 1481855938.000000000
208 1481855956.000000000 1481863197.000000000
209 1481863215.000000000 1481870458.000000000
210 1481870476.000000000 1481877718.000000000
211 1481877736.000000000 1481884977.000000000
212 1481884996.000000000 1481892237.000000000
213 1481892255.000000000 1481899497.000000000
214 1481899515.000000000 1481906758.000000000
215 1481906775.000000000 1481914018.000000000
216 1481914058.000000000 1481921277.000000000
217 1481921295.000000000 1481928537.000000000
218 1481928555.000000000 1481935798.000000000
219 1481935816.000000000 1481943057.000000000
220 1481943075.000000000 1481950317.000000000
221 1481950336.000000000 1481957577.000000000
222 1481957596.000000000 1481964837.000000000
223 1481964856.000000000 1481972097.000000000
224 1481972115.000000000 1481979358.000000000
225 1481979376.000000000 1481986617.000000000
226 1481986635.000000000 1481993877.000000000
227 1481993895.000000000 1482001136.000000000
228 1482001177.000000000 1482008398.000000000
229 1482008416.000000000 1482015657.000000000
230 1482015675.000000000 1482022918.000000000
231 1482022936.000000000 1482030177.000000000
232 1482030195.000000000 1482037438.000000000
233 1482037456.000000000 1482044697.000000000
234 1482044715.000000000 1482051957.000000000
235 1482051975.000000000 1482059217.000000000
236 1482059236.000000000 1482066477.000000000
237 1482066495.000000000 1482073738.000000000
238 1482073756.000000000 1482080997.000000000
239 1482081015.000000000 1482088257.000000000
240 1482088275.000000000 1482095518.000000000
241 1482095536.000000000 1482102777.000000000
242 1482102795.000000000 1482110037.000000000
243 1482110056.000000000 1482117297.000000000
244 1482117315.000000000 1482124558.000000000
245 1482124576.000000000 1482131817.000000000
246 1482131835.000000000 1482139077.000000000
247 1482139095.000000000 1482146338.000000000
248 1482146356.000000000 1482153597.000000000
249 1482153615.000000000 1482160856.000000000
250 1482160875.000000000 1482168117.000000000
251 1482168135.000000000 1482175377.000000000
252 1482175395.000000000 1482182637.000000000
253 1482182655.000000000 1482189897.000000000
254 1482189916.000000000 1482197158.000000000
255 1482197175.000000000 1482204418.000000000
256 1482204436.000000000 1482211678.000000000
257 1482211696.000000000 1482218937.000000000
258 1482218956.000000000 1482226197.000000000
259 1482226215.000000000 1482233457.000000000
260 1482233475.000000000 1482240717.000000000
261 1482240735.000000000 1482247976.000000000
262 1482247995.000000000 1482255236.000000000
263 1482255255.000000000 1482262498.000000000
264 1482262515.000000000 1482269757.000000000
265 1482269775.000000000 1482277017.000000000
266 1482277036.000000000 1482284277.000000000
267 1482284295.000000000 1482291538.000000000
268 1482291555.000000000 1482298797.000000000
269 1482298817.000000000 1482306058.000000000
270 1482306075.000000000 1482313318.000000000
271 1482313336.000000000 1482320578.000000000
272 1482320596.000000000 1482327837.000000000
273 1482327855.000000000 1482335097.000000000
274 1482335115.000000000 1482342357.000000000
275 1482342376.000000000 1482349617.000000000
276 1482349636.000000000 1482356878.000000000
277 1482356896.000000000 1482364137.000000000
278 1482364156.000000000 1482371397.000000000
279 1482371416.000000000 1482378658.000000000
280 1482378676.000000000 1482385917.000000000
281 1482385936.000000000 1482393177.000000000
282 1482393196.000000000 1482398535.000000000
283 1482398553.000000000 1482405777.000000000
284 1482405795.000000000 1482413038.000000000
285 1482413056.000000000 1482420297.000000000
286 1482420315.000000000 1482427557.000000000
287 1482427576.000000000 1482434818.000000000
288 1482434836.000000000 1482442076.000000000
289 1482442096.000000000 1482449337.000000000
290 1482449355.000000000 1482456598.000000000
291 1482456616.000000000 1482463857.000000000
292 1482463875.000000000 1482471117.000000000
293 1482471135.000000000 1482478378.000000000
294 1482478396.000000000 1482485638.000000000
295 1482485656.000000000 1482492898.000000000
296 1482492916.000000000 1482500157.000000000
297 1482500175.000000000 1482507417.000000000
298 1482507435.000000000 1482514678.000000000
299 1482514696.000000000 1482518698.000000000
300 1482518716.000000000 1482525957.000000000
301 1482525975.000000000 1482533217.000000000
302 1482533235.000000000 1482540476.000000000
303 1482540495.000000000 1482547737.000000000
304 1482547755.000000000 1482554997.000000000
305 1482555015.000000000 1482562257.000000000
306 1482562275.000000000 1482569518.000000000
307 1482569535.000000000 1482576777.000000000
308 1482576796.000000000 1482584037.000000000
309 1482584055.000000000 1482591297.000000000
310 1482591316.000000000 1482598548.000000000
311 1482598576.000000000 1482605818.000000000
312 1482605836.000000000 1482611860.000000000
313 1482611878.000000000 1482619078.000000000
314 1482619096.000000000 1482626338.000000000
315 1482626356.000000000 1482633597.000000000
316 1482633615.000000000 1482640857.000000000
317 1482640875.000000000 1482648118.000000000
318 1482648135.000000000 1482655378.000000000
319 1482655396.000000000 1482662637.000000000
320 1482662656.000000000 1482669898.000000000
321 1482669916.000000000 1482677157.000000000
322 1482677175.000000000 1482684418.000000000
323 1482684436.000000000 1482691677.000000000
324 1482691695.000000000 1482698938.000000000
325 1482698978.000000000 1482706197.000000000
326 1482706215.000000000 1482713458.000000000
327 1482713476.000000000 1482720718.000000000
328 1482720735.000000000 1482727977.000000000
329 1482727996.000000000 1482735238.000000000
330 1482735256.000000000 1482742498.000000000
331 1482742516.000000000 1482749757.000000000
332 1482749775.000000000 1482754843.000000000
333 1482754860.000000000 1482762057.000000000
334 1482762075.000000000 1482769318.000000000
335 1482769335.000000000 1482776577.000000000
336 1482776596.000000000 1482783837.000000000
337 1482783855.000000000 1482791097.000000000
338 1482791116.000000000 1482798358.000000000
339 1482798376.000000000 1482805617.000000000
340 1482805635.000000000 1482812877.000000000
341 1482812896.000000000 1482820138.000000000
342 1482820156.000000000 1482827397.000000000
343 1482827416.000000000 1482834658.000000000
344 1482834675.000000000 1482841918.000000000
345 1482841936.000000000 1482849178.000000000
346 1482849196.000000000 1482856437.000000000
347 1482856456.000000000 1482863698.000000000
348 1482863716.000000000 1482870957.000000000
349 1482870975.000000000 1482878218.000000000
350 1482878236.000000000 1482885477.000000000
351 1482885496.000000000 1482892738.000000000
352 1482892755.000000000 1482899998.000000000
353 1482900016.000000000 1482907257.000000000
354 1482907276.000000000 1482914517.000000000
355 1482914536.000000000 1482921777.000000000
356 1482921795.000000000 1482929037.000000000
357 1482929055.000000000 1482936297.000000000
358 1482936315.000000000 1482943558.000000000
359 1482943576.000000000 1482950818.000000000
360 1482950836.000000000 1482958077.000000000
361 1482958095.000000000 1482965337.000000000
362 1482965356.000000000 1482972598.000000000
363 1482972616.000000000 1482979857.000000000
364 1482979875.000000000 1482987118.000000000
365 1482987136.000000000 1482994378.000000000
366 1482994396.000000000 1483001637.000000000
367 1483001655.000000000 1483004565.000000000
12084 1483030173.000000000 1483030471.000000000
12085 1483030509.000000000 1483037754.000000000
