109 1418742135.000000000 1418749379.000000000
110 1418749394.000000000 1418756638.000000000
111 1418756655.000000000 1418763899.000000000
112 1418763914.000000000 1418771158.000000000
113 1418771174.000000000 1418778419.000000000
114 1418778434.000000000 1418785677.000000000
115 1418785694.000000000 1418792938.000000000
116 1418792954.000000000 1418800199.000000000
117 1418800214.000000000 1418807457.000000000
118 1418807474.000000000 1418814719.000000000
119 1418814735.000000000 1418818228.000000000
120 1418818244.000000000 1418821449.000000000
121 1418821724.000000000 1418824804.000000000
122 1418825084.000000000 1418827470.000000000
123 1418827487.000000000 1418828675.000000000
124 1418828693.000000000 1418835898.000000000
125 1418835914.000000000 1418842054.000000000
126 1418842070.000000000 1418847463.000000000
127 1418847479.000000000 1418854679.000000000
128 1418854695.000000000 1418861877.000000000
129 1418861955.000000000 1418869137.000000000
130 1418869215.000000000 1418876384.000000000
131 1418876475.000000000 1418883718.000000000
132 1418883735.000000000 1418887892.000000000
133 1418887909.000000000 1418889967.000000000
134 1418889983.000000000 1418891792.000000000
135 1418891808.000000000 1418892580.000000000
136 1418892634.000000000 1418893250.000000000
137 1418893321.000000000 1418894074.000000000
138 1418894150.000000000 1418894894.000000000
139 1418894966.000000000 1418895778.000000000
140 1418895837.000000000 1418896665.000000000
141 1418896744.000000000 1418897895.000000000
142 1418897971.000000000 1418905198.000000000
143 1418905215.000000000 1418912402.000000000
144 1418912474.000000000 1418919662.000000000
145 1418919735.000000000 1418920632.000000000
146 1418920653.000000000 1418927823.000000000
147 1418927895.000000000 1418933538.000000000
148 1418933600.000000000 1418935541.000000000
149 1418935558.000000000 1418938383.000000000
150 1418938406.000000000 1418939435.000000000
151 1418939507.000000000 1418940790.000000000
152 1418940812.000000000 1418945164.000000000
153 1418945233.000000000 1418946473.000000000
154 1418946563.000000000 1418947962.000000000
155 1418948025.000000000 1418948783.000000000
156 1418948803.000000000 1418949243.000000000
157 1418949266.000000000 1418953713.000000000
158 1418953768.000000000 1418959316.000000000
159 1418959335.000000000 1418963236.000000000
160 1418963252.000000000 1418970474.000000000
161 1418970495.000000000 1418972023.000000000
162 1418972039.000000000 1418973103.000000000
163 1418973144.000000000 1418980377.000000000
164 1418980394.000000000 1418987637.000000000
165 1418987654.000000000 1418994876.000000000
166 1418994915.000000000 1419002080.000000000
167 1419002175.000000000 1419009381.000000000
168 1419009434.000000000 1419016617.000000000
169 1419016694.000000000 1419023875.000000000
170 1419023955.000000000 1419031137.000000000
171 1419031215.000000000 1419038395.000000000
172 1419038475.000000000 1419040339.000000000
173 1419040419.000000000 1419047634.000000000
174 1419047655.000000000 1419054890.000000000
175 1419054915.000000000 1419062152.000000000
176 1419062175.000000000 1419069413.000000000
177 1419069434.000000000 1419076678.000000000
178 1419076695.000000000 1419083938.000000000
179 1419083955.000000000 1419091198.000000000
180 1419091214.000000000 1419092680.000000000
181 1419092697.000000000 1419093620.000000000
182 1419093636.000000000 1419093783.000000000
183 1419093800.000000000 1419094647.000000000
184 1419094663.000000000 1419101214.000000000
185 1419101279.000000000 1419108428.000000000
186 1419108495.000000000 1419115737.000000000
187 1419115755.000000000 1419122975.000000000
188 1419123015.000000000 1419130257.000000000
189 1419130275.000000000 1419137499.000000000
190 1419137535.000000000 1419140015.000000000
191 1419140037.000000000 1419147237.000000000
192 1419147255.000000000 1419154498.000000000
193 1419154515.000000000 1419161758.000000000
194 1419161775.000000000 1419169018.000000000
195 1419169035.000000000 1419176278.000000000
196 1419176295.000000000 1419183539.000000000
197 1419183555.000000000 1419187542.000000000
198 1419187559.000000000 1419188807.000000000
199 1419188823.000000000 1419191319.000000000
200 1419191394.000000000 1419198549.000000000
201 1419198616.000000000 1419205848.000000000
202 1419205875.000000000 1419212029.000000000
203 1419212107.000000000 1419215661.000000000
204 1419215740.000000000 1419221079.000000000
205 1419221096.000000000 1419223804.000000000
206 1419223835.000000000 1419231058.000000000
207 1419231075.000000000 1419238318.000000000
208 1419238335.000000000 1419242460.000000000
209 1419242477.000000000 1419249719.000000000
210 1419249735.000000000 1419256963.000000000
211 1419256996.000000000 1419264237.000000000
212 1419264255.000000000 1419269207.000000000
213 1419269225.000000000 1419276408.000000000
214 1419276435.000000000 1419283674.000000000
215 1419283695.000000000 1419290894.000000000
216 1419290956.000000000 1419298080.000000000
217 1419298216.000000000 1419305037.000000000
218 1419305067.000000000 1419312284.000000000
219 1419312315.000000000 1419316176.000000000
220 1419316246.000000000 1419319490.000000000
221 1419319557.000000000 1419321187.000000000
222 1419321264.000000000 1419325386.000000000
223 1419325455.000000000 1419329202.000000000
224 1419329258.000000000 1419335718.000000000
225 1419335745.000000000 1419338505.000000000
226 1419338521.000000000 1419345693.000000000
227 1419345736.000000000 1419349650.000000000
228 1419349732.000000000 1419356905.000000000
229 1419356956.000000000 1419358409.000000000
230 1419358446.000000000 1419365616.000000000
231 1419365655.000000000 1419372898.000000000
232 1419372915.000000000 1419380145.000000000
233 1419380176.000000000 1419383149.000000000
234 1419383170.000000000 1419390418.000000000
235 1419390436.000000000 1419397678.000000000
236 1419397696.000000000 1419404933.000000000
237 1419404955.000000000 1419412185.000000000
238 1419412215.000000000 1419419459.000000000
239 1419419476.000000000 1419426646.000000000
240 1419426736.000000000 1419427395.000000000
241 1419427470.000000000 1419434698.000000000
242 1419434716.000000000 1419441884.000000000
243 1419441975.000000000 1419449177.000000000
244 1419449235.000000000 1419456467.000000000
245 1419456496.000000000 1419463737.000000000
246 1419463756.000000000 1419470958.000000000
247 1419471016.000000000 1419478258.000000000
248 1419478275.000000000 1419485518.000000000
249 1419485536.000000000 1419492778.000000000
250 1419492796.000000000 1419500038.000000000
251 1419500078.000000000 1419507291.000000000
252 1419507316.000000000 1419514497.000000000
253 1419514575.000000000 1419521761.000000000
254 1419521836.000000000 1419529040.000000000
255 1419529096.000000000 1419536294.000000000
256 1419536356.000000000 1419542008.000000000
264 1419568124.000000000 1419575340.000000000
265 1419575356.000000000 1419582599.000000000
266 1419582616.000000000 1419589836.000000000
267 1419589876.000000000 1419596871.000000000
268 1419597137.000000000 1419599856.000000000
269 1419600052.000000000 1419607259.000000000
270 1419607276.000000000 1419614520.000000000
271 1419614537.000000000 1419621780.000000000
272 1419621797.000000000 1419629038.000000000
273 1419629057.000000000 1419636248.000000000
274 1419636316.000000000 1419643526.000000000
275 1419643577.000000000 1419650819.000000000
276 1419650837.000000000 1419658072.000000000
277 1419658097.000000000 1419665339.000000000
278 1419665356.000000000 1419672600.000000000
279 1419672616.000000000 1419679818.000000000
280 1419679876.000000000 1419687119.000000000
281 1419687137.000000000 1419694299.000000000
282 1419694397.000000000 1419701608.000000000
283 1419701657.000000000 1419702609.000000000
284 1419703541.000000000 1419706691.000000000
285 1419706894.000000000 1419709060.000000000
286 1419709166.000000000 1419709281.000000000
287 1419709345.000000000 1419709387.000000000
288 1419709424.000000000 1419716604.000000000
289 1419716656.000000000 1419723816.000000000
290 1419723916.000000000 1419727489.000000000
291 1419727543.000000000 1419734695.000000000
292 1419734777.000000000 1419741841.000000000
293 1419742037.000000000 1419749254.000000000
294 1419749297.000000000 1419756539.000000000
295 1419756557.000000000 1419763797.000000000
296 1419763817.000000000 1419771059.000000000
297 1419771077.000000000 1419778320.000000000
298 1419778336.000000000 1419785575.000000000
299 1419785597.000000000 1419792839.000000000
300 1419792857.000000000 1419800096.000000000
301 1419800116.000000000 1419807359.000000000
302 1419807377.000000000 1419814594.000000000
303 1419814637.000000000 1419821783.000000000
304 1419821897.000000000 1419829131.000000000
305 1419829157.000000000 1419836400.000000000
306 1419836417.000000000 1419843657.000000000
307 1419843677.000000000 1419850920.000000000
308 1419850937.000000000 1419858180.000000000
309 1419858197.000000000 1419865440.000000000
310 1419865457.000000000 1419872696.000000000
311 1419872717.000000000 1419879960.000000000
312 1419879977.000000000 1419887199.000000000
313 1419887237.000000000 1419894431.000000000
314 1419894497.000000000 1419901695.000000000
315 1419901757.000000000 1419908929.000000000
316 1419909017.000000000 1419916004.000000000
317 1419916278.000000000 1419923494.000000000
318 1419923537.000000000 1419930780.000000000
319 1419930797.000000000 1419938040.000000000
320 1419938057.000000000 1419945261.000000000
321 1419945317.000000000 1419952560.000000000
322 1419952577.000000000 1419959788.000000000
323 1419959837.000000000 1419967038.000000000
324 1419967098.000000000 1419974321.000000000
325 1419974357.000000000 1419981599.000000000
326 1419981617.000000000 1419988501.000000000
327 1419988878.000000000 1419996103.000000000
328 1419996137.000000000 1420003380.000000000
329 1420003397.000000000 1420010636.000000000
330 1420010657.000000000 1420017900.000000000
331 1420017917.000000000 1420025160.000000000
332 1420025177.000000000 1420032420.000000000
333 1420032437.000000000 1420039679.000000000
334 1420039697.000000000 1420046940.000000000
335 1420046957.000000000 1420054199.000000000
336 1420054217.000000000 1420061398.000000000
337 1420061478.000000000 1420068720.000000000
338 1420068737.000000000 1420075980.000000000
339 1420075997.000000000 1420083236.000000000
340 1420083257.000000000 1420090500.000000000
341 1420090517.000000000 1420097755.000000000
342 1420097777.000000000 1420104944.000000000
343 1420105038.000000000 1420112279.000000000
344 1420112297.000000000 1420119539.000000000
345 1420119558.000000000 1420126799.000000000
346 1420126817.000000000 1420134058.000000000
347 1420134077.000000000 1420141304.000000000
348 1420141337.000000000 1420148518.000000000
349 1420148597.000000000 1420155810.000000000
350 1420155857.000000000 1420163076.000000000
351 1420163118.000000000 1420170361.000000000
352 1420170377.000000000 1420177613.000000000
353 1420177638.000000000 1420184873.000000000
354 1420184898.000000000 1420192084.000000000
355 1420192158.000000000 1420199335.000000000
356 1420199417.000000000 1420206644.000000000
357 1420206678.000000000 1420213919.000000000
358 1420213937.000000000 1420221180.000000000
359 1420221198.000000000 1420228424.000000000
360 1420228458.000000000 1420235700.000000000
361 1420235717.000000000 1420242957.000000000
362 1420242978.000000000 1420250220.000000000
363 1420250238.000000000 1420257480.000000000
364 1420257497.000000000 1420264718.000000000
365 1420264758.000000000 1420272001.000000000
366 1420272017.000000000 1420279185.000000000
367 1420279300.000000000 1420286495.000000000
368 1420286538.000000000 1420293765.000000000
369 1420293798.000000000 1420300979.000000000
370 1420301058.000000000 1420308219.000000000
371 1420308318.000000000 1420315484.000000000
372 1420315578.000000000 1420322771.000000000
373 1420322838.000000000 1420330063.000000000
374 1420330098.000000000 1420337340.000000000
375 1420337358.000000000 1420344601.000000000
376 1420344617.000000000 1420351853.000000000
377 1420351900.000000000 1420359120.000000000
378 1420359138.000000000 1420366306.000000000
379 1420366398.000000000 1420373641.000000000
380 1420373658.000000000 1420380901.000000000
381 1420380918.000000000 1420388160.000000000
382 1420388178.000000000 1420395421.000000000
383 1420395438.000000000 1420402682.000000000
384 1420402698.000000000 1420405989.000000000
385 1420406005.000000000 1420413240.000000000
386 1420413257.000000000 1420420475.000000000
387 1420420518.000000000 1420427422.000000000
388 1420427780.000000000 1420434686.000000000
389 1420435040.000000000 1420442241.000000000
390 1420442298.000000000 1420449538.000000000
391 1420449558.000000000 1420456714.000000000
392 1420456818.000000000 1420464062.000000000
393 1420464078.000000000 1420471241.000000000
394 1420471339.000000000 1420477641.000000000
395 1420477657.000000000 1420484851.000000000
396 1420484898.000000000 1420492139.000000000
397 1420492158.000000000 1420499400.000000000
398 1420499419.000000000 1420506662.000000000
399 1420506678.000000000 1420513909.000000000
400 1420513938.000000000 1420521179.000000000
401 1420521198.000000000 1420528419.000000000
402 1420528458.000000000 1420535701.000000000
403 1420535719.000000000 1420542959.000000000
404 1420542979.000000000 1420550202.000000000
405 1420550238.000000000 1420557480.000000000
406 1420557498.000000000 1420564732.000000000
407 1420564758.000000000 1420571971.000000000
408 1420572018.000000000 1420579254.000000000
409 1420579278.000000000 1420586520.000000000
410 1420586539.000000000 1420593770.000000000
411 1420593798.000000000 1420601043.000000000
412 1420601059.000000000 1420608302.000000000
413 1420608318.000000000 1420615561.000000000
414 1420615578.000000000 1420622822.000000000
415 1420622839.000000000 1420630081.000000000
416 1420630098.000000000 1420637342.000000000
417 1420637359.000000000 1420644539.000000000
418 1420644618.000000000 1420651805.000000000
419 1420651879.000000000 1420659044.000000000
420 1420659139.000000000 1420662856.000000000
421 1420662873.000000000 1420670093.000000000
422 1420670119.000000000 1420677331.000000000
423 1420677379.000000000 1420684613.000000000
424 1420684639.000000000 1420691882.000000000
425 1420691899.000000000 1420699141.000000000
426 1420699159.000000000 1420706400.000000000
427 1420706419.000000000 1420713628.000000000
428 1420713679.000000000 1420720912.000000000
429 1420720939.000000000 1420728181.000000000
430 1420728198.000000000 1420735375.000000000
431 1420735459.000000000 1420741589.000000000
432 1420741605.000000000 1420745680.000000000
433 1420745779.000000000 1420749690.000000000
434 1420749804.000000000 1420754607.000000000
435 1420755462.000000000 1420762677.000000000
436 1420762694.000000000 1420763285.000000000
437 1420763303.000000000 1420770530.000000000
438 1420770555.000000000 1420777797.000000000
439 1420777814.000000000 1420782770.000000000
