SURF	Chan	Chip	Ant	Pol	Peak	RMS	mv/count
1	1	1	9	V	387.69	23.7953	0.911761
1	1	2	9	V	401.887	26.4585	0.879551
1	1	3	9	V	400.169	26.7127	0.883327
1	1	4	9	V	411.854	29.4766	0.858265
1	2	1	13	V	339.562	17.5308	1.04099
1	2	2	13	V	363.024	21.1629	0.97371
1	2	3	13	V	357.403	18.4574	0.989024
1	2	4	13	V	371.02	22.8757	0.952725
1	3	1	17	V	325.429	17.9693	1.0862
1	3	2	17	V	342.339	19.3645	1.03255
1	3	3	17	V	338.04	19.2056	1.04567
1	3	4	17	V	348.502	20.8625	1.01428
1	4	1	25	V	327.938	21.441	1.07789
1	4	2	25	V	348.651	22.5754	1.01385
1	4	3	25	V	349.587	20.4068	1.01114
1	4	4	25	V	367.474	24.0707	0.961918
1	5	1	8	H	573.704	30.9561	0.960859
1	5	2	8	H	604.919	31.6645	0.911277
1	5	3	8	H	598.257	32.4249	0.921425
1	5	4	8	H	619.398	33.0724	0.889975
1	6	1	12	H	498.533	22.4129	1.10574
1	6	2	12	H	542.03	25.4532	1.01701
1	6	3	12	H	527.635	24.531	1.04475
1	6	4	12	H	556.712	25.6642	0.990187
1	7	1	16	H	562.943	35.7726	0.979226
1	7	2	16	H	613.101	30.446	0.899115
1	7	3	16	H	593.49	27.2188	0.928826
1	7	4	16	H	632.308	29.0566	0.871805
1	8	1	24	H	523.476	26.278	1.05305
1	8	2	24	H	562.747	29.24	0.979567
1	8	3	24	H	546.253	25.0444	1.00915
1	8	4	24	H	589.424	29.3121	0.935233
2	1	1	4	V	388.224	27.4952	0.909976
2	1	2	4	V	386.992	23.9866	0.912873
2	1	3	4	V	393.048	27.3318	0.898807
2	1	4	4	V	390.543	24.248	0.904574
2	2	1	8	V	356.704	23.3404	0.990386
2	2	2	8	V	361.863	22.0183	0.976267
2	2	3	8	V	371.21	23.2848	0.951685
2	2	4	8	V	367.984	21.5068	0.960028
2	3	1	24	V	318.355	14.646	1.10969
2	3	2	24	V	320.339	14.0442	1.10282
2	3	3	24	V	322.024	15.3554	1.09704
2	3	4	24	V	324.769	14.8964	1.08777
2	4	1	32	V	330.427	21.5928	1.06915
2	4	2	32	V	333.653	21.6836	1.05881
2	4	3	32	V	343.018	27.9037	1.0299
2	4	4	32	V	344.016	21.5546	1.02691
2	5	1	3	H	572.096	30.6593	0.963
2	5	2	3	H	585.581	30.7484	0.940823
2	5	3	3	H	583.232	29.0772	0.944612
2	5	4	3	H	579.521	30.6216	0.950662
2	6	1	7	H	523.691	25.0687	1.05201
2	6	2	7	H	531.386	22.9027	1.03678
2	6	3	7	H	536.812	23.593	1.0263
2	6	4	7	H	526.117	22.8903	1.04716
2	7	1	23	H	555.673	34.3191	0.991461
2	7	2	23	H	573.46	26.0166	0.960708
2	7	3	23	H	572.841	25.093	0.961746
2	7	4	23	H	578.784	25.4163	0.951872
2	8	1	31	H	514.283	21.5759	1.07126
2	8	2	31	H	530.617	21.7349	1.03828
2	8	3	31	H	522.102	20.2741	1.05521
2	8	4	31	H	528.235	22.1683	1.04296
3	1	1	10	V	402.043	30.2692	0.879554
3	1	2	10	V	391.387	26.137	0.903501
3	1	3	10	V	405.048	25.0785	0.873028
3	1	4	10	V	402.883	26.9247	0.877721
3	2	1	14	V	359.863	24.8439	0.982649
3	2	2	14	V	360.589	20.7821	0.98067
3	2	3	14	V	366.984	23.5214	0.963581
3	2	4	14	V	372.202	19.2206	0.95007
3	3	1	19	V	330.571	18.2494	1.06972
3	3	2	19	V	330	20.1214	1.07157
3	3	3	19	V	333.573	20.4796	1.06009
3	3	4	19	V	336.032	21.169	1.05233
3	4	1	27	V	316.8	19.3247	1.11622
3	4	2	27	V	328.413	17.4982	1.07675
3	4	3	27	V	330.629	18.6244	1.06953
3	4	4	27	V	338.891	18.9841	1.04346
3	5	1	9	H	548.021	29.6441	1.00628
3	5	2	9	H	554.756	24.995	0.994066
3	5	3	9	H	559.242	28.3907	0.986092
3	5	4	9	H	560.766	28.8859	0.983412
3	6	1	13	H	494.753	17.4443	1.11463
3	6	2	13	H	508.335	18.7883	1.08484
3	6	3	13	H	492.901	18.264	1.11881
3	6	4	13	H	510.225	19.3697	1.08083
3	7	1	18	H	571.144	35.3276	0.965544
3	7	2	18	H	581.46	24.7438	0.948413
3	7	3	18	H	571.869	26.69	0.964319
3	7	4	18	H	591.481	29.5037	0.932344
3	8	1	26	H	516.831	21.1225	1.06701
3	8	2	26	H	531.966	20.7976	1.03665
3	8	3	26	H	513.83	21.3665	1.07324
3	8	4	26	H	533.721	20.5988	1.03324
4	1	1	11	V	385.733	21.2119	0.916463
4	1	2	11	V	387.581	19.9641	0.912093
4	1	3	11	V	406.097	25.8386	0.870506
4	1	4	11	V	395.773	23.1939	0.893212
4	2	1	15	V	351.159	21.6308	1.00669
4	2	2	15	V	360.734	20.6185	0.979973
4	2	3	15	V	373.637	24.0238	0.946131
4	2	4	15	V	364.721	20.5223	0.969261
4	3	1	21	V	329.359	16.7933	1.07333
4	3	2	21	V	331.121	16.3081	1.06761
4	3	3	21	V	341.702	17.6066	1.03456
4	3	4	21	V	338.607	18.8298	1.04401
4	4	1	29	V	336.026	20.6769	1.05203
4	4	2	29	V	341.625	20.6045	1.03479
4	4	3	29	V	350.587	21.5909	1.00834
4	4	4	29	V	351.519	22.3445	1.00566
4	5	1	10	H	562.647	26.9822	0.979823
4	5	2	10	H	582.078	25.2612	0.947114
4	5	3	10	H	595.794	27.5703	0.92531
4	5	4	10	H	586.056	29.2359	0.940685
4	6	1	14	H	516.742	22.4684	1.06687
4	6	2	14	H	528.824	21.5862	1.04249
4	6	3	14	H	546.449	22.8678	1.00887
4	6	4	14	H	540.985	23.8264	1.01906
4	7	1	20	H	571.78	35.098	0.964173
4	7	2	20	H	597.256	25.016	0.923046
4	7	3	20	H	605.092	27.2917	0.911092
4	7	4	20	H	605.972	28.7395	0.909769
4	8	1	28	H	528.431	21.6821	1.04327
4	8	2	28	H	537.683	22.564	1.02531
4	8	3	28	H	546.655	21.9901	1.00849
4	8	4	28	H	547.677	24.0207	1.00661
5	1	1	12	V	388	28.2904	0.910747
5	1	2	12	V	386.702	28.6437	0.913805
5	1	3	12	V	398.573	28.2708	0.886588
5	1	4	12	V	407.66	26.4458	0.866825
5	2	1	16	H	594.666	33.385	0.926699
5	2	2	16	H	331.123	48.8086	1.66426
5	2	3	16	H	586.937	27.3906	0.938902
5	2	4	16	H	592.468	26.2918	0.930136
5	3	1	23	V	337.61	22.6527	1.04668
5	3	2	23	V	337.798	20.6196	1.0461
5	3	3	23	V	342.548	22.5901	1.03159
5	3	4	23	V	350.429	18.8063	1.00839
5	4	1	31	V	332.54	21.0216	1.06264
5	4	2	31	V	333.695	19.4469	1.05896
5	4	3	31	V	342.661	20.9164	1.03125
5	4	4	31	V	350.054	20.0095	1.00947
5	5	1	11	H	577.372	27.2311	0.954456
5	5	2	11	H	582.798	28.0759	0.945569
5	5	3	11	H	582.655	26.7857	0.945802
5	5	4	11	H	604.752	26.671	0.911243
5	6	1	16	V	330.3	18.4636	1.06984
5	6	2	16	V	336.742	18.7496	1.04938
5	6	3	16	V	337.331	16.5175	1.04755
5	6	4	16	V	356.494	17.4281	0.991236
5	7	1	22	H	573.542	38.0232	0.960829
5	7	2	22	H	586.002	27.0906	0.9404
5	7	3	22	H	584.51	25.7926	0.9428
5	7	4	22	H	620.933	27.3112	0.887498
5	8	1	30	H	521.09	25.1641	1.05755
5	8	2	30	H	546.014	22.3821	1.00927
5	8	3	30	H	533.401	21.1036	1.03314
5	8	4	30	H	572.279	23.2024	0.96295
6	1	1	1	V	393.828	21.7574	0.897007
6	1	2	1	V	370.46	22.4564	0.953588
6	1	3	1	V	388.581	24.6842	0.909119
6	1	4	1	V	384.502	26.0645	0.918763
6	2	1	5	V	351.708	20.1006	1.00443
6	2	2	5	V	338.177	21.4153	1.04462
6	2	3	5	V	351.855	20.306	1.00401
6	2	4	5	V	354.186	20.6615	0.997402
6	3	1	18	V	333.654	19.5194	1.05878
6	3	2	18	V	320.298	17.9854	1.10293
6	3	3	18	V	332.532	21.221	1.06235
6	3	4	18	V	331.555	18.8447	1.06548
6	4	1	26	V	331.814	20.3062	1.06465
6	4	2	26	V	316.393	17.9433	1.11654
6	4	3	26	V	333.048	18.4841	1.06071
6	4	4	26	V	342.221	22.8199	1.03228
6	5	1	0	H	569.034	27.6354	0.968158
6	5	2	0	H	561.202	27.4988	0.98167
6	5	3	0	H	574.565	29.2549	0.958838
6	5	4	0	H	583.579	30.592	0.944028
6	6	1	4	H	522.141	24.8443	1.05511
6	6	2	4	H	517.715	23.7915	1.06413
6	6	3	4	H	528.439	24.7707	1.04253
6	6	4	4	H	523.588	22.9921	1.05219
6	7	1	17	H	565.028	33.591	0.975021
6	7	2	17	H	558.321	24.7946	0.986735
6	7	3	17	H	582.791	26.6671	0.945304
6	7	4	17	H	594.227	26.6858	0.927111
6	8	1	25	H	535.165	23.0764	1.02943
6	8	2	25	H	529.571	22.7865	1.0403
6	8	3	25	H	546.537	25.6175	1.00801
6	8	4	25	H	551.323	26.4973	0.999259
7	1	1	3	V	355.147	22.6551	0.994472
7	1	2	3	V	388.226	25.5118	0.909736
7	1	3	3	V	382.516	26.8681	0.923316
7	1	4	3	V	398.534	25.8549	0.886205
7	2	1	7	V	335.914	20.7877	1.05141
7	2	2	7	V	366.016	22.1549	0.964939
7	2	3	7	V	362.194	23.9494	0.975123
7	2	4	7	V	382.097	23.4441	0.924328
7	3	1	22	V	294.165	16.1526	1.20063
7	3	2	22	V	328.629	15.2154	1.07472
7	3	3	22	V	323.177	15.8999	1.09285
7	3	4	22	V	341.733	16.4514	1.03351
7	4	1	30	V	311.908	23.563	1.13233
7	4	2	30	V	355.487	24.2979	0.993519
7	4	3	30	V	345.804	25.5959	1.02134
7	4	4	30	V	371.807	28.018	0.949909
7	5	1	2	H	523.521	28.8395	1.05208
7	5	2	2	H	579.115	27.9799	0.951081
7	5	3	2	H	572.116	30.9039	0.962716
7	5	4	2	H	609.065	30.4257	0.904313
7	6	1	6	H	476.346	21.1369	1.15627
7	6	2	6	H	528.664	22.0366	1.04184
7	6	3	6	H	517.946	23.2649	1.0634
7	6	4	6	H	566.024	25.6852	0.973078
7	7	1	21	H	528.819	33.7716	1.04154
7	7	2	21	H	586.967	27.8653	0.938359
7	7	3	21	H	575.783	28.3865	0.956585
7	7	4	21	H	621.355	31.0356	0.886427
7	8	1	29	H	479.953	21.5262	1.14758
7	8	2	29	H	538.597	21.3621	1.02263
7	8	3	29	H	523.206	21.9408	1.05271
7	8	4	29	H	566.11	24.2345	0.972929
8	1	1	2	V	373.655	25.5906	0.944948
8	1	2	2	V	395.726	26.0023	0.892246
8	1	3	2	V	396.798	26.2167	0.889834
8	1	4	2	V	406.462	24.63	0.868679
8	2	1	6	V	346.412	24.1356	1.01926
8	2	2	6	V	364.218	22.0132	0.969433
8	2	3	6	V	372.968	23.4802	0.94669
8	2	4	6	V	379.255	26.5213	0.930996
8	3	1	20	V	312.364	21.0044	1.13036
8	3	2	20	V	332.637	26.5123	1.06147
8	3	3	20	V	337.315	21.6474	1.04675
8	3	4	20	V	339.741	22.8878	1.03928
8	4	1	28	V	314.363	19.7077	1.12318
8	4	2	28	V	336.631	20.0794	1.04888
8	4	3	28	V	333.06	18.7799	1.06012
8	4	4	28	V	343.005	20.9372	1.02939
8	5	1	1	H	535.398	27.4071	1.02845
8	5	2	1	H	569.362	29.2424	0.967103
8	5	3	1	H	565.204	29.6678	0.974217
8	5	4	1	H	591.125	29.2458	0.931498
8	6	1	5	H	476.834	21.2888	1.15477
8	6	2	5	H	513.595	22.853	1.07211
8	6	3	5	H	513.968	21.0666	1.07134
8	6	4	5	H	529.65	21.5755	1.03961
8	7	1	19	H	536.381	34.6425	1.02657
8	7	2	19	H	577.145	29.2136	0.954061
8	7	3	19	H	572.446	26.7839	0.961894
8	7	4	19	H	600.758	27.1347	0.916562
8	8	1	27	H	501.648	25.3463	1.09765
8	8	2	27	H	541.369	24.729	1.01711
8	8	3	27	H	537.529	24.8484	1.02438
8	8	4	27	H	565.167	27.5175	0.974282
9	1	1	33	V	361.741	22.6191	0.978367
9	1	2	33	V	385.202	23.3837	0.918781
9	1	3	33	V	356.435	23.6828	0.992931
9	1	4	33	V	398.413	24.7254	0.888314
9	2	1	35	V	339.948	21.5302	1.04109
9	2	2	35	V	364.532	23.3523	0.970877
9	2	3	35	V	341.331	21.2752	1.03687
9	2	4	35	V	382.567	23.3155	0.925109
9	3	1	37	V	318.165	21.7476	1.11237
9	3	2	37	V	342.444	19.6587	1.0335
9	3	3	37	V	321.879	20.8002	1.09953
9	3	4	37	V	358.899	22.3201	0.986116
9	4	1	39	V	318.749	22.8972	1.11033
9	4	2	39	V	347.052	24.2526	1.01978
9	4	3	39	V	324.944	22.7976	1.08916
9	4	4	39	V	361.517	24.327	0.978976
9	5	1	33	H	527.679	25.0467	1.04595
9	5	2	33	H	576.564	27.6648	0.957272
9	5	3	33	H	545.455	27.8365	1.01187
9	5	4	33	H	607.021	28.7559	0.909241
9	6	1	35	H	488.653	21.0543	1.12949
9	6	2	35	H	540.502	24.7837	1.02114
9	6	3	35	H	499.196	22.282	1.10564
9	6	4	35	H	560.991	23.8493	0.983845
9	7	1	37	H	535.691	33.2112	1.03031
9	7	2	37	H	589.482	27.4051	0.936293
9	7	3	37	H	549.45	27.0809	1.00451
9	7	4	37	H	617.922	27.4883	0.893201
9	8	1	39	H	488.902	21.5716	1.12891
9	8	2	39	H	543.475	25.1305	1.01555
9	8	3	39	H	500.118	23.692	1.1036
9	8	4	39	H	568.685	23.2084	0.970534
10	1	1	34	V	350.948	24.7211	1.00682
10	1	2	34	V	376.065	25.027	0.939578
10	1	3	34	V	370.468	27.2552	0.953773
10	1	4	34	V	382.518	24.5132	0.923726
10	2	1	36	V	327.494	24.2533	1.07893
10	2	2	36	V	352.048	21.0575	1.00367
10	2	3	36	V	351.823	21.4612	1.00432
10	2	4	36	V	361.215	21.4755	0.978205
10	3	1	38	V	303.68	16.4067	1.16354
10	3	2	38	V	319.863	20.0072	1.10467
10	3	3	38	V	318.25	20.5792	1.11027
10	3	4	38	V	337.004	16.198	1.04848
10	4	1	40	V	305.693	21.3885	1.15587
10	4	2	40	V	330.697	22.2697	1.06848
10	4	3	40	V	327.331	22.8107	1.07947
10	4	4	40	V	348.325	22.9021	1.0144
10	5	1	34	H	513.149	27.1556	1.07383
10	5	2	34	H	546.792	27.6943	1.00776
10	5	3	34	H	544.882	29.1804	1.01129
10	5	4	34	H	574.04	29.714	0.959921
10	6	1	36	H	477.484	21.9321	1.15403
10	6	2	36	H	517.511	24.1723	1.06478
10	6	3	36	H	509.272	23.1157	1.082
10	6	4	36	H	539.684	24.0669	1.02103
10	7	1	38	H	515.861	32.5113	1.06818
10	7	2	38	H	558.632	25.3267	0.986398
10	7	3	38	H	555.088	24.7434	0.992695
10	7	4	38	H	589.182	28.342	0.935251
10	8	1	40	H	482.078	19.9192	1.14304
10	8	2	40	H	513.042	21.834	1.07405
10	8	3	40	H	507.629	23.5976	1.0855
10	8	4	40	H	541.05	22.5555	1.01845
