0 0 0 -0.0962982
0 0 1 0.36025
0 1 0 -0.21958
0 1 1 0.349768
0 2 0 -0.205387
0 2 1 0.0819664
0 3 0 -0.259047
0 3 1 0.136456
1 0 0 -0.10697
1 0 1 0.368452
1 1 0 -0.236488
1 1 1 0.210968
1 2 0 0.0379086
1 2 1 0.479961
1 3 0 -0.273067
1 3 1 0.30015
2 0 0 -0.245832
2 0 1 0.298588
2 1 0 -0.18811
2 1 1 0.312765
2 2 0 -0.189278
2 2 1 0.274805
2 3 0 -0.0306168
2 3 1 0.413818
3 0 0 -0.188993
3 0 1 0.218847
3 1 0 -0.264452
3 1 1 0.372547
3 2 0 -0.269207
3 2 1 0.187258
3 3 0 -0.172815
3 3 1 0.221935
4 0 0 -0.130123
4 0 1 0.327282
4 1 0 -0.0858383
4 1 1 0.272913
4 2 0 -0.0442219
4 2 1 0.406826
4 3 0 -0.174723
4 3 1 0.16757
5 0 0 -0.246111
5 0 1 0.190308
5 1 0 -0.109991
5 1 1 0.325832
5 2 0 0.000976562
5 2 1 0.410219
5 3 0 -0.108477
5 3 1 0.300541
6 0 0 -0.152973
6 0 1 0.215603
6 1 0 -0.285313
6 1 1 0.27441
6 2 0 -0.0877628
6 2 1 0.209381
6 3 0 -0.206675
6 3 1 0.240479
7 0 0 -0.227428
7 0 1 0.146532
7 1 0 0.00491142
7 1 1 0.46788
7 2 0 -0.0469666
7 2 1 0.482567
7 3 0 -0.252596
7 3 1 0.368492
8 0 0 -0.0518513
8 0 1 0.303324
8 1 0 -0.221949
8 1 1 0.236912
8 2 0 -0.155552
8 2 1 0.2017
8 3 0 -0.0684967
8 3 1 0.263721
