0 0 0 28
0 0 1 28
0 1 0 27
0 1 1 27
0 2 0 24
0 2 1 24
0 3 0 31
0 3 1 31
1 0 0 29
1 0 1 28
1 1 0 28
1 1 1 27
1 2 0 24
1 2 1 24
1 3 0 31
1 3 1 30
2 0 0 28
2 0 1 28
2 1 0 28
2 1 1 28
2 2 0 24
2 2 1 23
2 3 0 31
2 3 1 31
3 0 0 28
3 0 1 28
3 1 0 27
3 1 1 27
3 2 0 24
3 2 1 24
3 3 0 30
3 3 1 30
4 0 0 28
4 0 1 28
4 1 0 27
4 1 1 27
4 2 0 24
4 2 1 24
4 3 0 30
4 3 1 30
5 0 0 28
5 0 1 28
5 1 0 27
5 1 1 27
5 2 0 24
5 2 1 24
5 3 0 30
5 3 1 30
6 0 0 29
6 0 1 29
6 1 0 27
6 1 1 27
6 2 0 25
6 2 1 25
6 3 0 31
6 3 1 31
7 0 0 29
7 0 1 29
7 1 0 28
7 1 1 27
7 2 0 25
7 2 1 25
7 3 0 31
7 3 1 31
8 0 0 26
8 0 1 27
8 1 0 27
8 1 1 27
8 2 0 23
8 2 1 24
8 3 0 30
8 3 1 31
